<html>
<head><meta charset="utf-8" /></head>
<body>
    <div>                        <script type="text/javascript">window.PlotlyConfig = {MathJaxConfig: 'local'};</script>
        <script charset="utf-8" src="https://cdn.plot.ly/plotly-3.1.1.min.js" integrity="sha256-HUEFyfiTnZJxCxur99FjbKYTvKSzwDaD3/x5TqHpFu4=" crossorigin="anonymous"></script>                <div id="4de54f75-23ac-4d2e-aed7-8a9570cb94be" class="plotly-graph-div" style="height:520px; width:1100px;"></div>            <script type="text/javascript">                window.PLOTLYENV=window.PLOTLYENV || {};                                if (document.getElementById("4de54f75-23ac-4d2e-aed7-8a9570cb94be")) {                    Plotly.newPlot(                        "4de54f75-23ac-4d2e-aed7-8a9570cb94be",                        [{"colorscale":[[0.0,"rgb(0,0,0)"],[0.3333333333333333,"rgb(230,0,0)"],[0.6666666666666666,"rgb(255,210,0)"],[1.0,"rgb(255,255,255)"]],"showscale":false,"x":[-30.0,-27.93103448275862,-25.862068965517242,-23.79310344827586,-21.724137931034484,-19.655172413793103,-17.586206896551722,-15.517241379310343,-13.448275862068964,-11.379310344827584,-9.310344827586206,-7.241379310344826,-5.172413793103445,-3.1034482758620676,-1.0344827586206868,1.0344827586206904,3.103448275862071,5.172413793103452,7.241379310344833,9.310344827586206,11.379310344827587,13.448275862068968,15.517241379310349,17.58620689655173,19.65517241379311,21.724137931034484,23.793103448275865,25.862068965517246,27.931034482758626,30.0],"y":[-30.0,-27.93103448275862,-25.862068965517242,-23.79310344827586,-21.724137931034484,-19.655172413793103,-17.586206896551722,-15.517241379310343,-13.448275862068964,-11.379310344827584,-9.310344827586206,-7.241379310344826,-5.172413793103445,-3.1034482758620676,-1.0344827586206868,1.0344827586206904,3.103448275862071,5.172413793103452,7.241379310344833,9.310344827586206,11.379310344827587,13.448275862068968,15.517241379310349,17.58620689655173,19.65517241379311,21.724137931034484,23.793103448275865,25.862068965517246,27.931034482758626,30.0],"z":[[2.050351936234355,2.0951329211475285,2.1396697319230853,2.183675612816571,2.2268086219133245,2.268667801007279,2.3087918823245794,2.3466618894735096,2.381709126991024,2.4133299397622556,2.4409081143597007,2.4638447844059868,2.481594215460828,2.49370212010173,2.499841663921389,2.499841663921389,2.49370212010173,2.481594215460828,2.4638447844059868,2.4409081143597007,2.4133299397622556,2.381709126991024,2.3466618894735096,2.3087918823245794,2.268667801007279,2.2268086219133245,2.183675612816571,2.1396697319230853,2.0951329211475285,2.050351936234355],[2.0951329211475285,2.1432253161209722,2.1913082560795867,2.239086020000104,2.2861959342138567,2.3322010516887213,2.376585275210156,2.4187528219466943,2.458034340956168,2.49370212010173,2.524996374615696,2.551163321108339,2.5715034998606505,2.5854258826574377,2.5925004677457264,2.5925004677457264,2.5854258826574377,2.5715034998606505,2.551163321108339,2.5249963746156956,2.49370212010173,2.458034340956168,2.4187528219466943,2.376585275210156,2.3322010516887213,2.2861959342138567,2.239086020000104,2.1913082560795867,2.143225316120972,2.0951329211475285],[2.1396697319230853,2.1913082560795867,2.2432305206255725,2.295140350266683,2.3466618894735096,2.3973274005826664,2.446566897597753,2.49370212010173,2.5379482506751847,2.578427434022436,2.614198079275152,2.644302506773411,2.6678322654565716,2.684005529003676,2.692245563541131,2.692245563541131,2.684005529003676,2.6678322654565716,2.644302506773411,2.6141980792751514,2.578427434022436,2.5379482506751847,2.49370212010173,2.446566897597753,2.3973274005826664,2.3466618894735096,2.295140350266683,2.2432305206255725,2.1913082560795867,2.1396697319230853],[2.183675612816571,2.239086020000104,2.295140350266683,2.3515545012482026,2.4079518962653492,2.4638447844059868,2.51861589732749,2.5715034998606505,2.6215945376273284,2.6678322654565716,2.7090456853716836,2.7440071247305404,2.771520013014144,2.7905308326397287,2.800248857619146,2.800248857619146,2.7905308326397287,2.771520013014144,2.7440071247305404,2.7090456853716836,2.6678322654565716,2.6215945376273284,2.5715034998606505,2.51861589732749,2.4638447844059868,2.4079518962653492,2.3515545012482026,2.295140350266683,2.2390860200001037,2.183675612816571],[2.2268086219133245,2.2861959342138567,2.3466618894735096,2.4079518962653492,2.4697076047654836,2.531440070459558,2.5925004677457264,2.652051537716051,2.7090456853716836,2.762219083176169,2.8101143579177417,2.8511453465432006,2.8837128768302387,2.9063678997620292,2.9179985630342813,2.9179985630342813,2.9063678997620292,2.8837128768302387,2.8511453465432006,2.8101143579177417,2.762219083176169,2.7090456853716836,2.652051537716051,2.5925004677457264,2.531440070459558,2.4697076047654836,2.4079518962653492,2.3466618894735096,2.2861959342138563,2.2268086219133245],[2.268667801007279,2.3322010516887213,2.3973274005826664,2.4638447844059868,2.531440070459558,2.5996528648210355,2.6678322654565716,2.73508894488609,2.800248857619146,2.86182091743319,2.9179985630342813,2.96672129964515,3.005820750595979,3.0332582253749636,3.0474239568371564,3.0474239568371564,3.0332582253749636,3.005820750595979,2.96672129964515,2.9179985630342813,2.86182091743319,2.800248857619146,2.73508894488609,2.6678322654565716,2.5996528648210355,2.531440070459558,2.4638447844059868,2.3973274005826664,2.3322010516887213,2.268667801007279],[2.3087918823245794,2.376585275210156,2.446566897597753,2.51861589732749,2.5925004677457264,2.6678322654565716,2.7440071247305404,2.820131880859334,2.8949416936418917,2.96672129964515,3.0332582253749636,3.0918738638658194,3.1395891160033074,3.1734643151451998,3.191088121604085,3.191088121604085,3.1734643151451998,3.1395891160033074,3.0918738638658194,3.0332582253749636,2.96672129964515,2.8949416936418917,2.820131880859334,2.7440071247305404,2.6678322654565716,2.5925004677457264,2.51861589732749,2.4465668975977524,2.376585275210156,2.3087918823245794],[2.3466618894735096,2.4187528219466943,2.49370212010173,2.5715034998606505,2.652051537716051,2.73508894488609,2.820131880859334,2.9063678997620292,2.99252451906099,3.076716871990897,3.1563059694762834,3.2278382570176958,3.287182376724423,3.329988584672001,3.3524982930348055,3.3524982930348055,3.329988584672001,3.287182376724423,3.2278382570176958,3.1563059694762834,3.076716871990897,2.99252451906099,2.9063678997620292,2.820131880859334,2.73508894488609,2.652051537716051,2.5715034998606505,2.49370212010173,2.4187528219466943,2.3466618894735096],[2.381709126991024,2.458034340956168,2.5379482506751847,2.6215945376273284,2.7090456853716836,2.800248857619146,2.8949416936418917,2.99252451906099,3.0918738638658194,3.191088121604085,3.287182376724423,3.375816231233252,3.45125806214455,3.5069085890703176,3.5366311338059386,3.5366311338059386,3.5069085890703176,3.45125806214455,3.375816231233252,3.2871823767244224,3.191088121604085,3.0918738638658194,2.9925245190609897,2.8949416936418912,2.800248857619146,2.7090456853716836,2.6215945376273284,2.5379482506751847,2.4580343409561674,2.381709126991024],[2.4133299397622556,2.49370212010173,2.578427434022436,2.6678322654565716,2.762219083176169,2.86182091743319,2.96672129964515,3.076716871990897,3.191088121604085,3.308232917291318,3.4251247997039003,3.5366311338059386,3.634954937147852,3.709892811826632,3.750877823033965,3.7508778230339646,3.709892811826632,3.634954937147852,3.5366311338059386,3.4251247997039003,3.308232917291318,3.191088121604085,3.0767168719908966,2.96672129964515,2.86182091743319,2.762219083176169,2.6678322654565716,2.578427434022436,2.4937021201017298,2.4133299397622556],[2.4409081143597007,2.524996374615696,2.614198079275152,2.7090456853716836,2.8101143579177417,2.9179985630342813,3.0332582253749636,3.1563059694762834,3.287182376724423,3.4251247997039003,3.5677799373191332,3.709892811826632,3.841539926481267,3.946960331724433,4.006878876557858,4.006878876557858,3.946960331724433,3.841539926481267,3.709892811826632,3.5677799373191332,3.4251247997039003,3.287182376724423,3.1563059694762834,3.033258225374963,2.9179985630342813,2.8101143579177417,2.7090456853716836,2.6141980792751514,2.5249963746156956,2.4409081143597007],[2.4638447844059868,2.551163321108339,2.644302506773411,2.7440071247305404,2.8511453465432006,2.96672129964515,3.0918738638658194,3.2278382570176958,3.375816231233252,3.5366311338059386,3.709892811826632,3.8921112471405634,4.072900994969267,4.229337245488152,4.324441637719762,4.324441637719762,4.229337245488152,4.072900994969267,3.8921112471405634,3.709892811826632,3.5366311338059386,3.375816231233252,3.2278382570176953,3.0918738638658194,2.96672129964515,2.8511453465432,2.7440071247305404,2.6443025067734105,2.5511633211083384,2.4638447844059868],[2.481594215460828,2.5715034998606505,2.6678322654565716,2.771520013014144,2.8837128768302387,3.005820750595979,3.1395891160033074,3.287182376724423,3.45125806214455,3.634954937147852,3.841539926481267,4.072900994969267,4.324441637719762,4.57065486252666,4.740898586120021,4.740898586120021,4.57065486252666,4.324441637719762,4.072900994969267,3.841539926481267,3.634954937147852,3.45125806214455,3.2871823767244224,3.1395891160033074,3.005820750595979,2.8837128768302382,2.771520013014144,2.6678322654565716,2.57150349986065,2.481594215460828],[2.49370212010173,2.5854258826574377,2.684005529003676,2.7905308326397287,2.9063678997620292,3.0332582253749636,3.1734643151451998,3.329988584672001,3.5069085890703176,3.709892811826632,3.946960331724433,4.229337245488152,4.57065486252666,4.972310517285254,5.334815262680463,5.334815262680462,4.972310517285254,4.57065486252666,4.229337245488152,3.9469603317244326,3.709892811826632,3.5069085890703176,3.3299885846720003,3.1734643151451998,3.0332582253749636,2.9063678997620292,2.7905308326397287,2.6840055290036755,2.5854258826574377,2.49370212010173],[2.499841663921389,2.5925004677457264,2.692245563541131,2.800248857619146,2.9179985630342813,3.0474239568371564,3.191088121604085,3.3524982930348055,3.5366311338059386,3.750877823033965,4.006878876557858,4.324441637719762,4.740898586120021,5.334815262680463,6.210488943151587,6.210488943151585,5.334815262680463,4.740898586120021,4.324441637719762,4.006878876557858,3.750877823033965,3.5366311338059386,3.352498293034805,3.191088121604085,3.0474239568371564,2.9179985630342813,2.800248857619146,2.6922455635411304,2.5925004677457264,2.499841663921389],[2.499841663921389,2.5925004677457264,2.692245563541131,2.800248857619146,2.9179985630342813,3.0474239568371564,3.191088121604085,3.3524982930348055,3.5366311338059386,3.7508778230339646,4.006878876557858,4.324441637719762,4.740898586120021,5.334815262680462,6.210488943151585,6.210488943151582,5.334815262680462,4.740898586120021,4.324441637719762,4.006878876557858,3.7508778230339646,3.5366311338059386,3.352498293034805,3.191088121604085,3.0474239568371564,2.917998563034281,2.800248857619146,2.6922455635411304,2.5925004677457264,2.499841663921389],[2.49370212010173,2.5854258826574377,2.684005529003676,2.7905308326397287,2.9063678997620292,3.0332582253749636,3.1734643151451998,3.329988584672001,3.5069085890703176,3.709892811826632,3.946960331724433,4.229337245488152,4.57065486252666,4.972310517285254,5.334815262680463,5.334815262680462,4.972310517285254,4.57065486252666,4.229337245488152,3.9469603317244326,3.709892811826632,3.5069085890703176,3.3299885846720003,3.1734643151451998,3.0332582253749636,2.9063678997620292,2.7905308326397287,2.6840055290036755,2.5854258826574377,2.49370212010173],[2.481594215460828,2.5715034998606505,2.6678322654565716,2.771520013014144,2.8837128768302387,3.005820750595979,3.1395891160033074,3.287182376724423,3.45125806214455,3.634954937147852,3.841539926481267,4.072900994969267,4.324441637719762,4.57065486252666,4.740898586120021,4.740898586120021,4.57065486252666,4.324441637719762,4.072900994969267,3.841539926481267,3.634954937147852,3.45125806214455,3.2871823767244224,3.1395891160033074,3.005820750595979,2.8837128768302382,2.771520013014144,2.6678322654565716,2.57150349986065,2.481594215460828],[2.4638447844059868,2.551163321108339,2.644302506773411,2.7440071247305404,2.8511453465432006,2.96672129964515,3.0918738638658194,3.2278382570176958,3.375816231233252,3.5366311338059386,3.709892811826632,3.8921112471405634,4.072900994969267,4.229337245488152,4.324441637719762,4.324441637719762,4.229337245488152,4.072900994969267,3.8921112471405634,3.709892811826632,3.5366311338059386,3.375816231233252,3.2278382570176953,3.0918738638658194,2.96672129964515,2.8511453465432,2.7440071247305404,2.6443025067734105,2.5511633211083384,2.4638447844059868],[2.4409081143597007,2.5249963746156956,2.6141980792751514,2.7090456853716836,2.8101143579177417,2.9179985630342813,3.0332582253749636,3.1563059694762834,3.2871823767244224,3.4251247997039003,3.5677799373191332,3.709892811826632,3.841539926481267,3.9469603317244326,4.006878876557858,4.006878876557858,3.9469603317244326,3.841539926481267,3.709892811826632,3.5677799373191332,3.4251247997039003,3.2871823767244224,3.156305969476283,3.033258225374963,2.9179985630342813,2.8101143579177417,2.7090456853716836,2.614198079275151,2.5249963746156956,2.4409081143597007],[2.4133299397622556,2.49370212010173,2.578427434022436,2.6678322654565716,2.762219083176169,2.86182091743319,2.96672129964515,3.076716871990897,3.191088121604085,3.308232917291318,3.4251247997039003,3.5366311338059386,3.634954937147852,3.709892811826632,3.750877823033965,3.7508778230339646,3.709892811826632,3.634954937147852,3.5366311338059386,3.4251247997039003,3.308232917291318,3.191088121604085,3.0767168719908966,2.96672129964515,2.86182091743319,2.762219083176169,2.6678322654565716,2.578427434022436,2.4937021201017298,2.4133299397622556],[2.381709126991024,2.458034340956168,2.5379482506751847,2.6215945376273284,2.7090456853716836,2.800248857619146,2.8949416936418917,2.99252451906099,3.0918738638658194,3.191088121604085,3.287182376724423,3.375816231233252,3.45125806214455,3.5069085890703176,3.5366311338059386,3.5366311338059386,3.5069085890703176,3.45125806214455,3.375816231233252,3.2871823767244224,3.191088121604085,3.0918738638658194,2.9925245190609897,2.8949416936418912,2.800248857619146,2.7090456853716836,2.6215945376273284,2.5379482506751847,2.4580343409561674,2.381709126991024],[2.3466618894735096,2.4187528219466943,2.49370212010173,2.5715034998606505,2.652051537716051,2.73508894488609,2.820131880859334,2.9063678997620292,2.9925245190609897,3.0767168719908966,3.1563059694762834,3.2278382570176953,3.2871823767244224,3.3299885846720003,3.352498293034805,3.352498293034805,3.3299885846720003,3.2871823767244224,3.2278382570176953,3.156305969476283,3.0767168719908966,2.9925245190609897,2.906367899762029,2.8201318808593334,2.73508894488609,2.6520515377160505,2.5715034998606505,2.4937021201017298,2.418752821946694,2.3466618894735096],[2.3087918823245794,2.376585275210156,2.446566897597753,2.51861589732749,2.5925004677457264,2.6678322654565716,2.7440071247305404,2.820131880859334,2.8949416936418912,2.96672129964515,3.033258225374963,3.0918738638658194,3.1395891160033074,3.1734643151451998,3.191088121604085,3.191088121604085,3.1734643151451998,3.1395891160033074,3.0918738638658194,3.033258225374963,2.96672129964515,2.8949416936418912,2.8201318808593334,2.74400712473054,2.6678322654565716,2.5925004677457264,2.51861589732749,2.4465668975977524,2.376585275210156,2.3087918823245794],[2.268667801007279,2.3322010516887213,2.3973274005826664,2.4638447844059868,2.531440070459558,2.5996528648210355,2.6678322654565716,2.73508894488609,2.800248857619146,2.86182091743319,2.9179985630342813,2.96672129964515,3.005820750595979,3.0332582253749636,3.0474239568371564,3.0474239568371564,3.0332582253749636,3.005820750595979,2.96672129964515,2.9179985630342813,2.86182091743319,2.800248857619146,2.73508894488609,2.6678322654565716,2.5996528648210355,2.531440070459558,2.4638447844059868,2.3973274005826664,2.3322010516887213,2.268667801007279],[2.2268086219133245,2.2861959342138567,2.3466618894735096,2.4079518962653492,2.4697076047654836,2.531440070459558,2.5925004677457264,2.652051537716051,2.7090456853716836,2.762219083176169,2.8101143579177417,2.8511453465432,2.8837128768302382,2.9063678997620292,2.9179985630342813,2.917998563034281,2.9063678997620292,2.8837128768302382,2.8511453465432,2.8101143579177417,2.762219083176169,2.7090456853716836,2.6520515377160505,2.5925004677457264,2.531440070459558,2.4697076047654836,2.4079518962653492,2.3466618894735096,2.2861959342138563,2.2268086219133245],[2.183675612816571,2.239086020000104,2.295140350266683,2.3515545012482026,2.4079518962653492,2.4638447844059868,2.51861589732749,2.5715034998606505,2.6215945376273284,2.6678322654565716,2.7090456853716836,2.7440071247305404,2.771520013014144,2.7905308326397287,2.800248857619146,2.800248857619146,2.7905308326397287,2.771520013014144,2.7440071247305404,2.7090456853716836,2.6678322654565716,2.6215945376273284,2.5715034998606505,2.51861589732749,2.4638447844059868,2.4079518962653492,2.3515545012482026,2.295140350266683,2.2390860200001037,2.183675612816571],[2.1396697319230853,2.1913082560795867,2.2432305206255725,2.295140350266683,2.3466618894735096,2.3973274005826664,2.4465668975977524,2.49370212010173,2.5379482506751847,2.578427434022436,2.6141980792751514,2.6443025067734105,2.6678322654565716,2.6840055290036755,2.6922455635411304,2.6922455635411304,2.6840055290036755,2.6678322654565716,2.6443025067734105,2.614198079275151,2.578427434022436,2.5379482506751847,2.4937021201017298,2.4465668975977524,2.3973274005826664,2.3466618894735096,2.295140350266683,2.243230520625572,2.1913082560795862,2.1396697319230853],[2.0951329211475285,2.143225316120972,2.1913082560795867,2.2390860200001037,2.2861959342138563,2.3322010516887213,2.376585275210156,2.4187528219466943,2.4580343409561674,2.4937021201017298,2.5249963746156956,2.5511633211083384,2.57150349986065,2.5854258826574377,2.5925004677457264,2.5925004677457264,2.5854258826574377,2.57150349986065,2.5511633211083384,2.5249963746156956,2.4937021201017298,2.4580343409561674,2.418752821946694,2.376585275210156,2.3322010516887213,2.2861959342138563,2.2390860200001037,2.1913082560795862,2.143225316120972,2.0951329211475285],[2.050351936234355,2.0951329211475285,2.1396697319230853,2.183675612816571,2.2268086219133245,2.268667801007279,2.3087918823245794,2.3466618894735096,2.381709126991024,2.4133299397622556,2.4409081143597007,2.4638447844059868,2.481594215460828,2.49370212010173,2.499841663921389,2.499841663921389,2.49370212010173,2.481594215460828,2.4638447844059868,2.4409081143597007,2.4133299397622556,2.381709126991024,2.3466618894735096,2.3087918823245794,2.268667801007279,2.2268086219133245,2.183675612816571,2.1396697319230853,2.0951329211475285,2.050351936234355]],"zmax":2,"zmin":-3,"type":"heatmap","xaxis":"x","yaxis":"y"},{"colorbar":{"title":{"text":"log₁₀|B|(pT)"},"x":1.02},"colorscale":[[0.0,"rgb(0,0,0)"],[0.3333333333333333,"rgb(230,0,0)"],[0.6666666666666666,"rgb(255,210,0)"],[1.0,"rgb(255,255,255)"]],"showscale":true,"x":[-30.0,-27.93103448275862,-25.862068965517242,-23.79310344827586,-21.724137931034484,-19.655172413793103,-17.586206896551722,-15.517241379310343,-13.448275862068964,-11.379310344827584,-9.310344827586206,-7.241379310344826,-5.172413793103445,-3.1034482758620676,-1.0344827586206868,1.0344827586206904,3.103448275862071,5.172413793103452,7.241379310344833,9.310344827586206,11.379310344827587,13.448275862068968,15.517241379310349,17.58620689655173,19.65517241379311,21.724137931034484,23.793103448275865,25.862068965517246,27.931034482758626,30.0],"y":[-30.0,-27.93103448275862,-25.862068965517242,-23.79310344827586,-21.724137931034484,-19.655172413793103,-17.586206896551722,-15.517241379310343,-13.448275862068964,-11.379310344827584,-9.310344827586206,-7.241379310344826,-5.172413793103445,-3.1034482758620676,-1.0344827586206868,1.0344827586206904,3.103448275862071,5.172413793103452,7.241379310344833,9.310344827586206,11.379310344827587,13.448275862068968,15.517241379310349,17.58620689655173,19.65517241379311,21.724137931034484,23.793103448275865,25.862068965517246,27.931034482758626,30.0],"z":[[1.4705791685337206,1.5153590925056752,1.5598949512376878,1.603899982611458,1.6470322385320595,1.6888907548424357,1.7290142580883423,1.7668837665154253,1.8019305796685905,1.833551037869338,1.8611289236164075,1.884065367011438,1.9018146307072696,1.9139224250447553,1.9200619140970314,1.9200619140970314,1.9139224250447553,1.9018146307072696,1.884065367011438,1.8611289236164075,1.833551037869338,1.8019305796685905,1.7668837665154251,1.7290142580883423,1.6888907548424357,1.6470322385320595,1.603899982611458,1.5598949512376878,1.515359092505675,1.4705791685337206],[1.5153590925056752,1.5634504635546083,1.6115324870906802,1.659309435559432,1.70641862893859,1.7524231140558517,1.7968067878122782,1.838973861797198,1.87825497985104,1.9139224250447553,1.9452164083125714,1.9713831425328803,1.991723164892758,2.005645444787905,2.0127199788377412,2.0127199788377412,2.005645444787905,1.991723164892758,1.9713831425328803,1.9452164083125711,1.9139224250447553,1.87825497985104,1.838973861797198,1.7968067878122782,1.7524231140558517,1.70641862893859,1.659309435559432,1.6115324870906802,1.563450463554608,1.5153590925056752],[1.5598949512376878,1.6115324870906802,1.6634538695860641,1.7153629167455637,1.7668837665154253,1.81754867490279,1.86678764981935,1.9139224250447555,1.958168177704855,1.9986470474667613,2.0344174389194176,2.064521668437276,2.088051281655424,2.1042244496902227,2.1124644369163064,2.1124644369163064,2.1042244496902227,2.088051281655424,2.064521668437276,2.034417438919417,1.9986470474667613,1.958168177704855,1.9139224250447553,1.86678764981935,1.81754867490279,1.7668837665154253,1.7153629167455637,1.663453869586064,1.6115324870906802,1.5598949512376878],[1.603899982611458,1.659309435559432,1.7153629167455637,1.7717763169721938,1.8281730528702238,1.884065367011438,1.9388359847529393,1.991723164892758,2.0418138473500678,2.088051281655424,2.1292644650231445,2.1642257205860633,2.1917384742832775,2.21074920577027,2.2204671871630555,2.2204671871630555,2.21074920577027,2.1917384742832775,2.1642257205860633,2.1292644650231445,2.088051281655424,2.0418138473500678,1.991723164892758,1.9388359847529393,1.884065367011438,1.8281730528702238,1.7717763169721938,1.7153629167455637,1.6593094355594318,1.603899982611458],[1.6470322385320595,1.70641862893859,1.7668837665154253,1.8281730528702238,1.8899281313322973,1.9516600506907382,2.0127199788377412,2.07227065060108,2.1292644650231445,2.18243758899257,2.2303326442000118,2.2713634630793447,2.3039308695968224,2.326585811743778,2.338216435151122,2.338216435151122,2.326585811743778,2.3039308695968224,2.2713634630793447,2.2303326442000118,2.18243758899257,2.1292644650231445,2.07227065060108,2.0127199788377412,1.9516600506907382,1.8899281313322973,1.8281730528702238,1.7668837665154251,1.7064186289385896,1.6470322385320595],[1.6888907548424357,1.7524231140558517,1.81754867490279,1.884065367011438,1.9516600506907382,2.019872325151508,2.088051281655424,2.1553075862290676,2.2204671871630555,2.282038992371066,2.338216435151122,2.3869390158942956,2.4260383538126926,2.4534757551345834,2.4676414504496242,2.467641450449624,2.4534757551345834,2.4260383538126926,2.3869390158942956,2.3382164351511214,2.282038992371066,2.2204671871630555,2.1553075862290676,2.088051281655424,2.019872325151508,1.951660050690738,1.884065367011438,1.81754867490279,1.7524231140558515,1.6888907548424357],[1.7290142580883423,1.7968067878122782,1.86678764981935,1.9388359847529393,2.0127199788377412,2.088051281655424,2.1642257205860633,2.2403501242074384,2.3151596458412533,2.3869390158942956,2.4534757551345834,2.5120912514141693,2.559806401151354,2.593681534129146,2.611305308153283,2.611305308153283,2.593681534129146,2.559806401151354,2.5120912514141693,2.4534757551345834,2.3869390158942956,2.3151596458412533,2.2403501242074384,2.1642257205860633,2.088051281655424,2.0127199788377412,1.9388359847529393,1.8667876498193499,1.7968067878122782,1.7290142580883423],[1.7668837665154253,1.838973861797198,1.9139224250447555,1.991723164892758,2.07227065060108,2.1553075862290676,2.2403501242074384,2.3265858117437785,2.412742159579497,2.496934294493234,2.5765232213284137,2.6480553800217157,2.7073994078184866,2.750205556847183,2.7727152364801935,2.7727152364801935,2.750205556847183,2.7073994078184866,2.6480553800217157,2.5765232213284137,2.496934294493234,2.412742159579497,2.326585811743778,2.2403501242074384,2.1553075862290676,2.07227065060108,1.991723164892758,1.9139224250447553,1.838973861797198,1.7668837665154253],[1.8019305796685905,1.87825497985104,1.958168177704855,2.0418138473500678,2.1292644650231445,2.2204671871630555,2.3151596458412533,2.412742159579497,2.5120912514141693,2.611305308153283,2.7073994078184866,2.7960331464465806,2.8714748957412706,2.927125370925341,2.956847890625331,2.956847890625331,2.927125370925341,2.8714748957412706,2.7960331464465806,2.707399407818486,2.611305308153283,2.5120912514141693,2.4127421595794964,2.315159645841253,2.2204671871630555,2.1292644650231445,2.0418138473500678,1.9581681777048547,1.8782549798510397,1.8019305796685905],[1.833551037869338,1.9139224250447553,1.9986470474667613,2.088051281655424,2.18243758899257,2.282038992371066,2.3869390158942956,2.496934294493234,2.611305308153283,2.728449918685444,2.845341659983047,2.956847890625331,3.0551716223610703,3.1301094523741746,3.1710944422236,3.1710944422236,3.1301094523741746,3.0551716223610703,2.956847890625331,2.8453416599830463,2.728449918685444,2.611305308153283,2.4969342944932333,2.3869390158942956,2.282038992371066,2.1824375889925696,2.088051281655424,1.9986470474667613,1.913922425044755,1.833551037869338],[1.8611289236164075,1.9452164083125714,2.0344174389194176,2.1292644650231445,2.2303326442000118,2.338216435151122,2.4534757551345834,2.5765232213284137,2.7073994078184866,2.845341659983047,2.987996669676827,3.1301094523741746,3.2617565050113058,3.367176872506107,3.4270953996325746,3.4270953996325746,3.367176872506107,3.2617565050113058,3.1301094523741746,2.9879966696768268,2.845341659983047,2.7073994078184866,2.5765232213284133,2.453475755134583,2.338216435151122,2.2303326442000118,2.1292644650231445,2.034417438919417,1.9452164083125711,1.8611289236164075],[1.884065367011438,1.9713831425328803,2.064521668437276,2.1642257205860633,2.2713634630793447,2.3869390158942956,2.5120912514141693,2.6480553800217157,2.7960331464465806,2.956847890625331,3.1301094523741746,3.3123278064183337,3.493117501163862,3.649553720585525,3.744658098713323,3.744658098713323,3.649553720585525,3.493117501163862,3.3123278064183337,3.1301094523741746,2.956847890625331,2.7960331464465806,2.6480553800217153,2.5120912514141693,2.3869390158942956,2.2713634630793442,2.1642257205860633,2.0645216684372754,1.97138314253288,1.884065367011438],[1.9018146307072696,1.991723164892758,2.088051281655424,2.1917384742832775,2.3039308695968224,2.4260383538126926,2.559806401151354,2.7073994078184866,2.8714748957412706,3.0551716223610703,3.2617565050113058,3.493117501163862,3.7446580987133227,3.9908712985902577,4.1611150115854825,4.161115011585482,3.9908712985902577,3.7446580987133227,3.493117501163862,3.2617565050113053,3.0551716223610703,2.8714748957412706,2.7073994078184858,2.559806401151354,2.4260383538126926,2.303930869596822,2.1917384742832775,2.088051281655424,1.9917231648927576,1.9018146307072696],[1.9139224250447553,2.005645444787905,2.1042244496902227,2.21074920577027,2.326585811743778,2.4534757551345834,2.593681534129146,2.750205556847183,2.927125370925341,3.1301094523741746,3.367176872506107,3.649553720585525,3.9908712985902577,4.392526933629244,4.7550316716887115,4.7550316716887115,4.392526933629244,3.9908712985902577,3.649553720585525,3.367176872506107,3.1301094523741746,2.927125370925341,2.7502055568471824,2.5936815341291455,2.4534757551345834,2.326585811743778,2.21074920577027,2.1042244496902223,2.005645444787905,1.9139224250447553],[1.9200619140970314,2.0127199788377412,2.1124644369163064,2.2204671871630555,2.338216435151122,2.4676414504496242,2.611305308153283,2.7727152364801935,2.956847890625331,3.1710944422236,3.4270953996325746,3.744658098713323,4.1611150115854825,4.7550316716887115,5.630705347283728,5.630705347283726,4.7550316716887115,4.1611150115854825,3.744658098713323,3.4270953996325746,3.1710944422236,2.956847890625331,2.772715236480193,2.611305308153283,2.4676414504496242,2.3382164351511214,2.2204671871630555,2.112464436916306,2.0127199788377412,1.9200619140970314],[1.9200619140970314,2.0127199788377412,2.1124644369163064,2.2204671871630555,2.338216435151122,2.467641450449624,2.611305308153283,2.7727152364801935,2.956847890625331,3.1710944422236,3.4270953996325746,3.744658098713323,4.161115011585482,4.7550316716887115,5.630705347283726,5.630705347283723,4.7550316716887115,4.161115011585482,3.744658098713323,3.427095399632574,3.1710944422236,2.956847890625331,2.772715236480193,2.611305308153283,2.467641450449624,2.3382164351511214,2.2204671871630555,2.112464436916306,2.0127199788377412,1.9200619140970314],[1.9139224250447553,2.005645444787905,2.1042244496902227,2.21074920577027,2.326585811743778,2.4534757551345834,2.593681534129146,2.750205556847183,2.927125370925341,3.1301094523741746,3.367176872506107,3.649553720585525,3.9908712985902577,4.392526933629244,4.7550316716887115,4.7550316716887115,4.392526933629244,3.9908712985902577,3.649553720585525,3.367176872506107,3.1301094523741746,2.927125370925341,2.7502055568471824,2.5936815341291455,2.4534757551345834,2.326585811743778,2.21074920577027,2.1042244496902223,2.005645444787905,1.9139224250447553],[1.9018146307072696,1.991723164892758,2.088051281655424,2.1917384742832775,2.3039308695968224,2.4260383538126926,2.559806401151354,2.7073994078184866,2.8714748957412706,3.0551716223610703,3.2617565050113058,3.493117501163862,3.7446580987133227,3.9908712985902577,4.1611150115854825,4.161115011585482,3.9908712985902577,3.7446580987133227,3.493117501163862,3.2617565050113053,3.0551716223610703,2.8714748957412706,2.7073994078184858,2.559806401151354,2.4260383538126926,2.303930869596822,2.1917384742832775,2.088051281655424,1.9917231648927576,1.9018146307072696],[1.884065367011438,1.9713831425328803,2.064521668437276,2.1642257205860633,2.2713634630793447,2.3869390158942956,2.5120912514141693,2.6480553800217157,2.7960331464465806,2.956847890625331,3.1301094523741746,3.3123278064183337,3.493117501163862,3.649553720585525,3.744658098713323,3.744658098713323,3.649553720585525,3.493117501163862,3.3123278064183337,3.1301094523741746,2.956847890625331,2.7960331464465806,2.6480553800217153,2.5120912514141693,2.3869390158942956,2.2713634630793442,2.1642257205860633,2.0645216684372754,1.97138314253288,1.884065367011438],[1.8611289236164075,1.9452164083125711,2.034417438919417,2.1292644650231445,2.2303326442000118,2.3382164351511214,2.4534757551345834,2.5765232213284137,2.707399407818486,2.8453416599830463,2.9879966696768268,3.1301094523741746,3.2617565050113053,3.367176872506107,3.4270953996325746,3.427095399632574,3.367176872506107,3.2617565050113053,3.1301094523741746,2.9879966696768268,2.8453416599830463,2.707399407818486,2.5765232213284133,2.453475755134583,2.3382164351511214,2.2303326442000118,2.1292644650231445,2.034417438919417,1.9452164083125711,1.8611289236164075],[1.833551037869338,1.9139224250447553,1.9986470474667613,2.088051281655424,2.18243758899257,2.282038992371066,2.3869390158942956,2.496934294493234,2.611305308153283,2.728449918685444,2.845341659983047,2.956847890625331,3.0551716223610703,3.1301094523741746,3.1710944422236,3.1710944422236,3.1301094523741746,3.0551716223610703,2.956847890625331,2.8453416599830463,2.728449918685444,2.611305308153283,2.4969342944932333,2.3869390158942956,2.282038992371066,2.1824375889925696,2.088051281655424,1.9986470474667613,1.913922425044755,1.833551037869338],[1.8019305796685905,1.87825497985104,1.958168177704855,2.0418138473500678,2.1292644650231445,2.2204671871630555,2.3151596458412533,2.412742159579497,2.5120912514141693,2.611305308153283,2.7073994078184866,2.7960331464465806,2.8714748957412706,2.927125370925341,2.956847890625331,2.956847890625331,2.927125370925341,2.8714748957412706,2.7960331464465806,2.707399407818486,2.611305308153283,2.5120912514141693,2.4127421595794964,2.315159645841253,2.2204671871630555,2.1292644650231445,2.0418138473500678,1.9581681777048547,1.8782549798510397,1.8019305796685905],[1.7668837665154251,1.838973861797198,1.9139224250447553,1.991723164892758,2.07227065060108,2.1553075862290676,2.2403501242074384,2.326585811743778,2.4127421595794964,2.4969342944932333,2.5765232213284133,2.6480553800217153,2.7073994078184858,2.7502055568471824,2.772715236480193,2.772715236480193,2.7502055568471824,2.7073994078184858,2.6480553800217153,2.5765232213284133,2.4969342944932333,2.4127421595794964,2.3265858117437777,2.2403501242074384,2.1553075862290676,2.0722706506010797,1.991723164892758,1.913922425044755,1.8389738617971978,1.7668837665154251],[1.7290142580883423,1.7968067878122782,1.86678764981935,1.9388359847529393,2.0127199788377412,2.088051281655424,2.1642257205860633,2.2403501242074384,2.315159645841253,2.3869390158942956,2.453475755134583,2.5120912514141693,2.559806401151354,2.5936815341291455,2.611305308153283,2.611305308153283,2.5936815341291455,2.559806401151354,2.5120912514141693,2.453475755134583,2.3869390158942956,2.315159645841253,2.2403501242074384,2.164225720586063,2.088051281655424,2.0127199788377412,1.9388359847529393,1.8667876498193499,1.7968067878122782,1.7290142580883423],[1.6888907548424357,1.7524231140558517,1.81754867490279,1.884065367011438,1.9516600506907382,2.019872325151508,2.088051281655424,2.1553075862290676,2.2204671871630555,2.282038992371066,2.338216435151122,2.3869390158942956,2.4260383538126926,2.4534757551345834,2.4676414504496242,2.467641450449624,2.4534757551345834,2.4260383538126926,2.3869390158942956,2.3382164351511214,2.282038992371066,2.2204671871630555,2.1553075862290676,2.088051281655424,2.019872325151508,1.951660050690738,1.884065367011438,1.81754867490279,1.7524231140558515,1.6888907548424357],[1.6470322385320595,1.70641862893859,1.7668837665154253,1.8281730528702238,1.8899281313322973,1.951660050690738,2.0127199788377412,2.07227065060108,2.1292644650231445,2.1824375889925696,2.2303326442000118,2.2713634630793442,2.303930869596822,2.326585811743778,2.3382164351511214,2.3382164351511214,2.326585811743778,2.303930869596822,2.2713634630793442,2.2303326442000118,2.1824375889925696,2.1292644650231445,2.0722706506010797,2.0127199788377412,1.951660050690738,1.889928131332297,1.8281730528702238,1.7668837665154251,1.7064186289385896,1.6470322385320595],[1.603899982611458,1.659309435559432,1.7153629167455637,1.7717763169721938,1.8281730528702238,1.884065367011438,1.9388359847529393,1.991723164892758,2.0418138473500678,2.088051281655424,2.1292644650231445,2.1642257205860633,2.1917384742832775,2.21074920577027,2.2204671871630555,2.2204671871630555,2.21074920577027,2.1917384742832775,2.1642257205860633,2.1292644650231445,2.088051281655424,2.0418138473500678,1.991723164892758,1.9388359847529393,1.884065367011438,1.8281730528702238,1.7717763169721938,1.7153629167455637,1.6593094355594318,1.603899982611458],[1.5598949512376878,1.6115324870906802,1.663453869586064,1.7153629167455637,1.7668837665154251,1.81754867490279,1.8667876498193499,1.9139224250447553,1.9581681777048547,1.9986470474667613,2.034417438919417,2.0645216684372754,2.088051281655424,2.1042244496902223,2.112464436916306,2.112464436916306,2.1042244496902223,2.088051281655424,2.0645216684372754,2.034417438919417,1.9986470474667613,1.9581681777048547,1.913922425044755,1.8667876498193499,1.81754867490279,1.7668837665154251,1.7153629167455637,1.6634538695860637,1.61153248709068,1.5598949512376878],[1.515359092505675,1.563450463554608,1.6115324870906802,1.6593094355594318,1.7064186289385896,1.7524231140558515,1.7968067878122782,1.838973861797198,1.8782549798510397,1.913922425044755,1.9452164083125711,1.97138314253288,1.9917231648927576,2.005645444787905,2.0127199788377412,2.0127199788377412,2.005645444787905,1.9917231648927576,1.97138314253288,1.9452164083125711,1.913922425044755,1.8782549798510397,1.8389738617971978,1.7968067878122782,1.7524231140558515,1.7064186289385896,1.6593094355594318,1.61153248709068,1.563450463554608,1.515359092505675],[1.4705791685337206,1.5153590925056752,1.5598949512376878,1.603899982611458,1.6470322385320595,1.6888907548424357,1.7290142580883423,1.7668837665154253,1.8019305796685905,1.833551037869338,1.8611289236164075,1.884065367011438,1.9018146307072696,1.9139224250447553,1.9200619140970314,1.9200619140970314,1.9139224250447553,1.9018146307072696,1.884065367011438,1.8611289236164075,1.833551037869338,1.8019305796685905,1.7668837665154251,1.7290142580883423,1.6888907548424357,1.6470322385320595,1.603899982611458,1.5598949512376878,1.515359092505675,1.4705791685337206]],"zmax":2,"zmin":-3,"type":"heatmap","xaxis":"x2","yaxis":"y2"}],                        {"template":{"data":{"barpolar":[{"marker":{"line":{"color":"rgb(17,17,17)","width":0.5},"pattern":{"fillmode":"overlay","size":10,"solidity":0.2}},"type":"barpolar"}],"bar":[{"error_x":{"color":"#f2f5fa"},"error_y":{"color":"#f2f5fa"},"marker":{"line":{"color":"rgb(17,17,17)","width":0.5},"pattern":{"fillmode":"overlay","size":10,"solidity":0.2}},"type":"bar"}],"carpet":[{"aaxis":{"endlinecolor":"#A2B1C6","gridcolor":"#506784","linecolor":"#506784","minorgridcolor":"#506784","startlinecolor":"#A2B1C6"},"baxis":{"endlinecolor":"#A2B1C6","gridcolor":"#506784","linecolor":"#506784","minorgridcolor":"#506784","startlinecolor":"#A2B1C6"},"type":"carpet"}],"choropleth":[{"colorbar":{"outlinewidth":0,"ticks":""},"type":"choropleth"}],"contourcarpet":[{"colorbar":{"outlinewidth":0,"ticks":""},"type":"contourcarpet"}],"contour":[{"colorbar":{"outlinewidth":0,"ticks":""},"colorscale":[[0.0,"#0d0887"],[0.1111111111111111,"#46039f"],[0.2222222222222222,"#7201a8"],[0.3333333333333333,"#9c179e"],[0.4444444444444444,"#bd3786"],[0.5555555555555556,"#d8576b"],[0.6666666666666666,"#ed7953"],[0.7777777777777778,"#fb9f3a"],[0.8888888888888888,"#fdca26"],[1.0,"#f0f921"]],"type":"contour"}],"heatmap":[{"colorbar":{"outlinewidth":0,"ticks":""},"colorscale":[[0.0,"#0d0887"],[0.1111111111111111,"#46039f"],[0.2222222222222222,"#7201a8"],[0.3333333333333333,"#9c179e"],[0.4444444444444444,"#bd3786"],[0.5555555555555556,"#d8576b"],[0.6666666666666666,"#ed7953"],[0.7777777777777778,"#fb9f3a"],[0.8888888888888888,"#fdca26"],[1.0,"#f0f921"]],"type":"heatmap"}],"histogram2dcontour":[{"colorbar":{"outlinewidth":0,"ticks":""},"colorscale":[[0.0,"#0d0887"],[0.1111111111111111,"#46039f"],[0.2222222222222222,"#7201a8"],[0.3333333333333333,"#9c179e"],[0.4444444444444444,"#bd3786"],[0.5555555555555556,"#d8576b"],[0.6666666666666666,"#ed7953"],[0.7777777777777778,"#fb9f3a"],[0.8888888888888888,"#fdca26"],[1.0,"#f0f921"]],"type":"histogram2dcontour"}],"histogram2d":[{"colorbar":{"outlinewidth":0,"ticks":""},"colorscale":[[0.0,"#0d0887"],[0.1111111111111111,"#46039f"],[0.2222222222222222,"#7201a8"],[0.3333333333333333,"#9c179e"],[0.4444444444444444,"#bd3786"],[0.5555555555555556,"#d8576b"],[0.6666666666666666,"#ed7953"],[0.7777777777777778,"#fb9f3a"],[0.8888888888888888,"#fdca26"],[1.0,"#f0f921"]],"type":"histogram2d"}],"histogram":[{"marker":{"pattern":{"fillmode":"overlay","size":10,"solidity":0.2}},"type":"histogram"}],"mesh3d":[{"colorbar":{"outlinewidth":0,"ticks":""},"type":"mesh3d"}],"parcoords":[{"line":{"colorbar":{"outlinewidth":0,"ticks":""}},"type":"parcoords"}],"pie":[{"automargin":true,"type":"pie"}],"scatter3d":[{"line":{"colorbar":{"outlinewidth":0,"ticks":""}},"marker":{"colorbar":{"outlinewidth":0,"ticks":""}},"type":"scatter3d"}],"scattercarpet":[{"marker":{"colorbar":{"outlinewidth":0,"ticks":""}},"type":"scattercarpet"}],"scattergeo":[{"marker":{"colorbar":{"outlinewidth":0,"ticks":""}},"type":"scattergeo"}],"scattergl":[{"marker":{"line":{"color":"#283442"}},"type":"scattergl"}],"scattermapbox":[{"marker":{"colorbar":{"outlinewid