<html>
<head><meta charset="utf-8" /></head>
<body>
    <div>                        <script type="text/javascript">window.PlotlyConfig = {MathJaxConfig: 'local'};</script>
        <script charset="utf-8" src="https://cdn.plot.ly/plotly-3.1.1.min.js" integrity="sha256-HUEFyfiTnZJxCxur99FjbKYTvKSzwDaD3/x5TqHpFu4=" crossorigin="anonymous"></script>                <div id="10b9cc45-9e9e-45b5-9175-f235ff777873" class="plotly-graph-div" style="height:520px; width:1100px;"></div>            <script type="text/javascript">                window.PLOTLYENV=window.PLOTLYENV || {};                                if (document.getElementById("10b9cc45-9e9e-45b5-9175-f235ff777873")) {                    Plotly.newPlot(                        "10b9cc45-9e9e-45b5-9175-f235ff777873",                        [{"colorscale":[[0.0,"rgb(0,0,0)"],[0.3333333333333333,"rgb(230,0,0)"],[0.6666666666666666,"rgb(255,210,0)"],[1.0,"rgb(255,255,255)"]],"showscale":false,"x":[-30.0,-27.93103448275862,-25.862068965517242,-23.79310344827586,-21.724137931034484,-19.655172413793103,-17.586206896551722,-15.517241379310343,-13.448275862068964,-11.379310344827584,-9.310344827586206,-7.241379310344826,-5.172413793103445,-3.1034482758620676,-1.0344827586206868,1.0344827586206904,3.103448275862071,5.172413793103452,7.241379310344833,9.310344827586206,11.379310344827587,13.448275862068968,15.517241379310349,17.58620689655173,19.65517241379311,21.724137931034484,23.793103448275865,25.862068965517246,27.931034482758626,30.0],"y":[-30.0,-27.93103448275862,-25.862068965517242,-23.79310344827586,-21.724137931034484,-19.655172413793103,-17.586206896551722,-15.517241379310343,-13.448275862068964,-11.379310344827584,-9.310344827586206,-7.241379310344826,-5.172413793103445,-3.1034482758620676,-1.0344827586206868,1.0344827586206904,3.103448275862071,5.172413793103452,7.241379310344833,9.310344827586206,11.379310344827587,13.448275862068968,15.517241379310349,17.58620689655173,19.65517241379311,21.724137931034484,23.793103448275865,25.862068965517246,27.931034482758626,30.0],"z":[[1.0503867425040723,1.0951643174280907,1.1396980682086524,1.1837012186198697,1.2268318068869553,1.2686888556798703,1.3088110789698633,1.3466794831310585,1.3817253566568966,1.4133450297655974,1.4409222759369456,1.463858217477283,1.4816071106036826,1.4937146607050418,1.4998540284901625,1.4998540284901625,1.4937146607050418,1.4816071106036826,1.463858217477283,1.4409222759369456,1.4133450297655974,1.3817253566568966,1.3466794831310585,1.3088110789698633,1.2686888556798703,1.2268318068869553,1.1837012186198697,1.1396980682086524,1.0951643174280907,1.0503867425040723],[1.0951643174280907,1.143253421370918,1.1913334158100812,1.2391085587347912,1.2862161560587801,1.3322192410175544,1.3766016974856856,1.4187677247012016,1.4580479549538636,1.4937146607050418,1.5250080433731235,1.551174307574095,1.5715139836450003,1.5854360356919293,1.5925104567306696,1.5925104567306696,1.5854360356919293,1.5715139836450003,1.551174307574095,1.525008043373123,1.4937146607050418,1.4580479549538636,1.4187677247012016,1.3766016974856856,1.3322192410175544,1.2862161560587801,1.2391085587347912,1.1913334158100812,1.1432534213709178,1.0951643174280907],[1.1396980682086524,1.1913334158100812,1.2432528453001885,1.2951601599058815,1.3466794831310585,1.397343056971257,1.4465808758519516,1.493714660705042,1.5379595765799914,1.57843775199165,1.6142075814712844,1.6443113726132397,1.6678406637366905,1.6840136202839706,1.6922535027510939,1.6922535027510939,1.6840136202839706,1.6678406637366905,1.6443113726132397,1.6142075814712842,1.57843775199165,1.5379595765799914,1.4937146607050418,1.4465808758519516,1.397343056971257,1.3466794831310585,1.2951601599058815,1.2432528453001883,1.1913334158100812,1.1396980682086524],[1.1837012186198697,1.2391085587347912,1.2951601599058815,1.3515718978178923,1.4079671742927797,1.463858217477283,1.5186277387806841,1.5715139836450003,1.62160387936381,1.6678406637366905,1.7090533233305711,1.744014171923651,1.7715266276128327,1.7905371639387082,1.800255048819629,1.8002550488196287,1.7905371639387082,1.7715266276128327,1.744014171923651,1.7090533233305711,1.6678406637366905,1.62160387936381,1.5715139836450003,1.5186277387806841,1.463858217477283,1.4079671742927797,1.3515718978178923,1.2951601599058813,1.2391085587347908,1.1837012186198697],[1.2268318068869553,1.2862161560587801,1.3466794831310585,1.4079671742927797,1.469720857716399,1.5314515673661215,1.5925104567306696,1.65206024676895,1.7090533233305711,1.7622258409609848,1.810120410064306,1.8511508530822192,1.8837179855418764,1.9063727488101776,1.9180032839461965,1.9180032839461965,1.9063727488101776,1.8837179855418764,1.8511508530822192,1.810120410064306,1.7622258409609848,1.7090533233305711,1.65206024676895,1.5925104567306696,1.5314515673661215,1.469720857716399,1.4079671742927797,1.3466794831310585,1.2862161560587797,1.2268318068869553],[1.2686888556798703,1.3322192410175544,1.397343056971257,1.463858217477283,1.5314515673661215,1.5996626906464428,1.6678406637366905,1.7350961382872256,1.8002550488196287,1.8618262902646436,1.9180032839461965,1.966725519557312,2.0058246071919377,2.0332618458602356,2.04742746113581,2.04742746113581,2.0332618458602356,2.0058246071919377,1.966725519557312,1.9180032839461962,1.8618262902646436,1.8002550488196287,1.7350961382872256,1.6678406637366905,1.5996626906464428,1.5314515673661213,1.463858217477283,1.3973430569712568,1.3322192410175542,1.2686888556798703],[1.3088110789698633,1.3766016974856856,1.4465808758519516,1.5186277387806841,1.5925104567306696,1.6678406637366905,1.744014171923651,1.8201377950045337,1.8949466719599302,1.9667255195573121,2.0332618458602356,2.0918770272458973,2.1395919502411185,2.173466936713608,2.1910906389183715,2.1910906389183715,2.173466936713608,2.1395919502411185,2.0918770272458973,2.0332618458602356,1.9667255195573121,1.8949466719599302,1.8201377950045334,1.7440141719236508,1.6678406637366905,1.5925104567306696,1.5186277387806841,1.4465808758519516,1.3766016974856856,1.3088110789698633],[1.3466794831310585,1.4187677247012016,1.493714660705042,1.5715139836450003,1.65206024676895,1.7350961382872256,1.8201377950045337,1.9063727488101778,1.9925284955548248,2.0767201477225017,2.156308696691979,2.227840570080406,2.287184394363289,2.329990412929325,2.3525000289466234,2.3525000289466234,2.329990412929325,2.287184394363289,2.227840570080406,2.156308696691979,2.0767201477225017,1.9925284955548248,1.9063727488101774,1.8201377950045334,1.7350961382872256,1.65206024676895,1.5715139836450003,1.4937146607050418,1.4187677247012016,1.3466794831310585],[1.3817253566568966,1.4580479549538636,1.5379595765799914,1.62160387936381,1.7090533233305711,1.8002550488196287,1.8949466719599302,1.9925284955548248,2.0918770272458973,2.191090638918371,2.287184394363289,2.3758178763994087,2.4512594449722394,2.5069098055857517,2.5366322698498514,2.5366322698498514,2.5069098055857517,2.4512594449722394,2.3758178763994087,2.2871843943632886,2.191090638918371,2.0918770272458973,1.9925284955548244,1.89494667195993,1.8002550488196287,1.709053323330571,1.62160387936381,1.5379595765799912,1.4580479549538634,1.3817253566568966],[1.4133450297655974,1.4937146607050418,1.57843775199165,1.6678406637366905,1.7622258409609848,1.8618262902646436,1.9667255195573121,2.0767201477225017,2.191090638918371,2.308234839466397,2.4251262682963355,2.5366322698498514,2.6349558430294353,2.7098935741401617,2.750878516697158,2.7508785166971577,2.7098935741401617,2.6349558430294353,2.5366322698498514,2.425126268296335,2.308234839466397,2.191090638918371,2.0767201477225012,1.966725519557312,1.8618262902646436,1.7622258409609846,1.6678406637366905,1.57843775199165,1.4937146607050416,1.4133450297655974],[1.4409222759369456,1.5250080433731235,1.6142075814712844,1.7090533233305711,1.810120410064306,1.9180032839461965,2.0332618458602356,2.156308696691979,2.287184394363289,2.4251262682963355,2.567780994736295,2.7098935741401617,2.8415404894530303,2.946960773362264,3.006879261280505,3.006879261280505,2.946960773362264,2.8415404894530303,2.7098935741401617,2.567780994736295,2.4251262682963355,2.287184394363289,2.156308696691979,2.033261845860235,1.9180032839461965,1.8101204100643058,1.7090533233305711,1.6142075814712842,1.525008043373123,1.4409222759369456],[1.463858217477283,1.551174307574095,1.6443113726132397,1.744014171923651,1.8511508530822192,1.966725519557312,2.0918770272458973,2.227840570080406,2.3758178763994087,2.5366322698498514,2.7098935741401617,2.892111748230087,3.072901325434412,3.2293374759979865,3.324441822895929,3.324441822895929,3.2293374759979865,3.072901325434412,2.892111748230087,2.7098935741401617,2.5366322698498514,2.3758178763994087,2.2278405700804056,2.091877027245897,1.966725519557312,1.8511508530822187,1.744014171923651,1.6443113726132395,1.5511743075740945,1.463858217477283],[1.4816071106036826,1.5715139836450003,1.6678406637366905,1.7715266276128327,1.8837179855418764,2.0058246071919377,2.1395919502411185,2.287184394363289,2.4512594449722394,2.6349558430294353,2.8415404894530303,3.072901325434412,3.3244418228959285,3.570654967570819,3.7408986570987466,3.740898657098746,3.570654967570819,3.3244418228959285,3.072901325434412,2.84154048945303,2.6349558430294353,2.4512594449722394,2.287184394363288,2.1395919502411185,2.0058246071919377,1.8837179855418762,1.7715266276128327,1.6678406637366905,1.5715139836449998,1.4816071106036826],[1.4937146607050418,1.5854360356919293,1.6840136202839706,1.7905371639387082,1.9063727488101776,2.0332618458602356,2.173466936713608,2.329990412929325,2.5069098055857517,2.7098935741401617,2.946960773362264,3.2293374759979865,3.570654967570819,3.972310558944968,4.334815280761009,4.334815280761009,3.972310558944968,3.570654967570819,3.2293374759979865,2.9469607733622634,2.7098935741401617,2.5069098055857517,2.3299904129293245,2.173466936713608,2.0332618458602356,1.9063727488101774,1.7905371639387082,1.6840136202839704,1.585436035691929,1.4937146607050418],[1.4998540284901625,1.5925104567306696,1.6922535027510939,1.800255048819629,1.9180032839461965,2.04742746113581,2.1910906389183715,2.3525000289466234,2.5366322698498514,2.750878516697158,3.006879261280505,3.324441822895929,3.7408986570987466,4.334815280761009,5.21048894555893,5.210488945558927,4.334815280761009,3.7408986570987466,3.324441822895929,3.0068792612805044,2.750878516697158,2.5366322698498514,2.352500028946623,2.191090638918371,2.04742746113581,1.9180032839461962,1.800255048819629,1.6922535027510934,1.5925104567306694,1.4998540284901625],[1.4998540284901625,1.5925104567306696,1.6922535027510939,1.8002550488196287,1.9180032839461965,2.04742746113581,2.1910906389183715,2.3525000289466234,2.5366322698498514,2.7508785166971577,3.006879261280505,3.324441822895929,3.740898657098746,4.334815280761009,5.210488945558927,5.210488945558925,4.334815280761009,3.740898657098746,3.324441822895929,3.0068792612805044,2.7508785166971577,2.5366322698498514,2.352500028946623,2.191090638918371,2.04742746113581,1.918003283946196,1.8002550488196287,1.6922535027510934,1.5925104567306694,1.4998540284901625],[1.4937146607050418,1.5854360356919293,1.6840136202839706,1.7905371639387082,1.9063727488101776,2.0332618458602356,2.173466936713608,2.329990412929325,2.5069098055857517,2.7098935741401617,2.946960773362264,3.2293374759979865,3.570654967570819,3.972310558944968,4.334815280761009,4.334815280761009,3.972310558944968,3.570654967570819,3.2293374759979865,2.9469607733622634,2.7098935741401617,2.5069098055857517,2.3299904129293245,2.173466936713608,2.0332618458602356,1.9063727488101774,1.7905371639387082,1.6840136202839704,1.585436035691929,1.4937146607050418],[1.4816071106036826,1.5715139836450003,1.6678406637366905,1.7715266276128327,1.8837179855418764,2.0058246071919377,2.1395919502411185,2.287184394363289,2.4512594449722394,2.6349558430294353,2.8415404894530303,3.072901325434412,3.3244418228959285,3.570654967570819,3.7408986570987466,3.740898657098746,3.570654967570819,3.3244418228959285,3.072901325434412,2.84154048945303,2.6349558430294353,2.4512594449722394,2.287184394363288,2.1395919502411185,2.0058246071919377,1.8837179855418762,1.7715266276128327,1.6678406637366905,1.5715139836449998,1.4816071106036826],[1.463858217477283,1.551174307574095,1.6443113726132397,1.744014171923651,1.8511508530822192,1.966725519557312,2.0918770272458973,2.227840570080406,2.3758178763994087,2.5366322698498514,2.7098935741401617,2.892111748230087,3.072901325434412,3.2293374759979865,3.324441822895929,3.324441822895929,3.2293374759979865,3.072901325434412,2.892111748230087,2.7098935741401617,2.5366322698498514,2.3758178763994087,2.2278405700804056,2.091877027245897,1.966725519557312,1.8511508530822187,1.744014171923651,1.6443113726132395,1.5511743075740945,1.463858217477283],[1.4409222759369456,1.525008043373123,1.6142075814712842,1.7090533233305711,1.810120410064306,1.9180032839461962,2.0332618458602356,2.156308696691979,2.2871843943632886,2.425126268296335,2.567780994736295,2.7098935741401617,2.84154048945303,2.9469607733622634,3.0068792612805044,3.0068792612805044,2.9469607733622634,2.84154048945303,2.7098935741401617,2.567780994736295,2.425126268296335,2.2871843943632886,2.1563086966919784,2.033261845860235,1.9180032839461962,1.8101204100643058,1.7090533233305711,1.614207581471284,1.525008043373123,1.4409222759369456],[1.4133450297655974,1.4937146607050418,1.57843775199165,1.6678406637366905,1.7622258409609848,1.8618262902646436,1.9667255195573121,2.0767201477225017,2.191090638918371,2.308234839466397,2.4251262682963355,2.5366322698498514,2.6349558430294353,2.7098935741401617,2.750878516697158,2.7508785166971577,2.7098935741401617,2.6349558430294353,2.5366322698498514,2.425126268296335,2.308234839466397,2.191090638918371,2.0767201477225012,1.966725519557312,1.8618262902646436,1.7622258409609846,1.6678406637366905,1.57843775199165,1.4937146607050416,1.4133450297655974],[1.3817253566568966,1.4580479549538636,1.5379595765799914,1.62160387936381,1.7090533233305711,1.8002550488196287,1.8949466719599302,1.9925284955548248,2.0918770272458973,2.191090638918371,2.287184394363289,2.3758178763994087,2.4512594449722394,2.5069098055857517,2.5366322698498514,2.5366322698498514,2.5069098055857517,2.4512594449722394,2.3758178763994087,2.2871843943632886,2.191090638918371,2.0918770272458973,1.9925284955548244,1.89494667195993,1.8002550488196287,1.709053323330571,1.62160387936381,1.5379595765799912,1.4580479549538634,1.3817253566568966],[1.3466794831310585,1.4187677247012016,1.4937146607050418,1.5715139836450003,1.65206024676895,1.7350961382872256,1.8201377950045334,1.9063727488101774,1.9925284955548244,2.0767201477225012,2.156308696691979,2.2278405700804056,2.287184394363288,2.3299904129293245,2.352500028946623,2.352500028946623,2.3299904129293245,2.287184394363288,2.2278405700804056,2.1563086966919784,2.0767201477225012,1.9925284955548244,1.9063727488101774,1.8201377950045334,1.7350961382872256,1.6520602467689498,1.5715139836450003,1.4937146607050416,1.4187677247012014,1.3466794831310585],[1.3088110789698633,1.3766016974856856,1.4465808758519516,1.5186277387806841,1.5925104567306696,1.6678406637366905,1.7440141719236508,1.8201377950045334,1.89494667195993,1.966725519557312,2.033261845860235,2.091877027245897,2.1395919502411185,2.173466936713608,2.191090638918371,2.191090638918371,2.173466936713608,2.1395919502411185,2.091877027245897,2.033261845860235,1.966725519557312,1.89494667195993,1.8201377950045334,1.7440141719236506,1.6678406637366905,1.5925104567306694,1.5186277387806841,1.4465808758519516,1.3766016974856856,1.3088110789698633],[1.2686888556798703,1.3322192410175544,1.397343056971257,1.463858217477283,1.5314515673661215,1.5996626906464428,1.6678406637366905,1.7350961382872256,1.8002550488196287,1.8618262902646436,1.9180032839461965,1.966725519557312,2.0058246071919377,2.0332618458602356,2.04742746113581,2.04742746113581,2.0332618458602356,2.0058246071919377,1.966725519557312,1.9180032839461962,1.8618262902646436,1.8002550488196287,1.7350961382872256,1.6678406637366905,1.5996626906464428,1.5314515673661213,1.463858217477283,1.3973430569712568,1.3322192410175542,1.2686888556798703],[1.2268318068869553,1.2862161560587801,1.3466794831310585,1.4079671742927797,1.469720857716399,1.5314515673661213,1.5925104567306696,1.65206024676895,1.709053323330571,1.7622258409609846,1.8101204100643058,1.8511508530822187,1.8837179855418762,1.9063727488101774,1.9180032839461962,1.918003283946196,1.9063727488101774,1.8837179855418762,1.8511508530822187,1.8101204100643058,1.7622258409609846,1.709053323330571,1.6520602467689498,1.5925104567306694,1.5314515673661213,1.4697208577163987,1.4079671742927797,1.3466794831310585,1.2862161560587797,1.2268318068869553],[1.1837012186198697,1.2391085587347912,1.2951601599058815,1.3515718978178923,1.4079671742927797,1.463858217477283,1.5186277387806841,1.5715139836450003,1.62160387936381,1.6678406637366905,1.7090533233305711,1.744014171923651,1.7715266276128327,1.7905371639387082,1.800255048819629,1.8002550488196287,1.7905371639387082,1.7715266276128327,1.744014171923651,1.7090533233305711,1.6678406637366905,1.62160387936381,1.5715139836450003,1.5186277387806841,1.463858217477283,1.4079671742927797,1.3515718978178923,1.2951601599058813,1.2391085587347908,1.1837012186198697],[1.1396980682086524,1.1913334158100812,1.2432528453001883,1.2951601599058813,1.3466794831310585,1.3973430569712568,1.4465808758519516,1.4937146607050418,1.5379595765799912,1.57843775199165,1.6142075814712842,1.6443113726132395,1.6678406637366905,1.6840136202839704,1.6922535027510934,1.6922535027510934,1.6840136202839704,1.6678406637366905,1.6443113726132395,1.614207581471284,1.57843775199165,1.5379595765799912,1.4937146607050416,1.4465808758519516,1.3973430569712568,1.3466794831310585,1.2951601599058813,1.243252845300188,1.191333415810081,1.1396980682086524],[1.0951643174280907,1.1432534213709178,1.1913334158100812,1.2391085587347908,1.2862161560587797,1.3322192410175542,1.3766016974856856,1.4187677247012016,1.4580479549538634,1.4937146607050416,1.525008043373123,1.5511743075740945,1.5715139836449998,1.585436035691929,1.5925104567306694,1.5925104567306694,1.585436035691929,1.5715139836449998,1.5511743075740945,1.525008043373123,1.4937146607050416,1.4580479549538634,1.4187677247012014,1.3766016974856856,1.3322192410175542,1.2862161560587797,1.2391085587347908,1.191333415810081,1.1432534213709178,1.0951643174280907],[1.0503867425040723,1.0951643174280907,1.1396980682086524,1.1837012186198697,1.2268318068869553,1.2686888556798703,1.3088110789698633,1.3466794831310585,1.3817253566568966,1.4133450297655974,1.4409222759369456,1.463858217477283,1.4816071106036826,1.4937146607050418,1.4998540284901625,1.4998540284901625,1.4937146607050418,1.4816071106036826,1.463858217477283,1.4409222759369456,1.4133450297655974,1.3817253566568966,1.3466794831310585,1.3088110789698633,1.2686888556798703,1.2268318068869553,1.1837012186198697,1.1396980682086524,1.0951643174280907,1.0503867425040723]],"zmax":2,"zmin":-3,"type":"heatmap","xaxis":"x","yaxis":"y"},{"colorbar":{"title":{"text":"log₁₀|B|(pT)"},"x":1.02},"colorscale":[[0.0,"rgb(0,0,0)"],[0.3333333333333333,"rgb(230,0,0)"],[0.6666666666666666,"rgb(255,210,0)"],[1.0,"rgb(255,255,255)"]],"showscale":true,"x":[-30.0,-27.93103448275862,-25.862068965517242,-23.79310344827586,-21.724137931034484,-19.655172413793103,-17.586206896551722,-15.517241379310343,-13.448275862068964,-11.379310344827584,-9.310344827586206,-7.241379310344826,-5.172413793103445,-3.1034482758620676,-1.0344827586206868,1.0344827586206904,3.103448275862071,5.172413793103452,7.241379310344833,9.310344827586206,11.379310344827587,13.448275862068968,15.517241379310349,17.58620689655173,19.65517241379311,21.724137931034484,23.793103448275865,25.862068965517246,27.931034482758626,30.0],"y":[-30.0,-27.93103448275862,-25.862068965517242,-23.79310344827586,-21.724137931034484,-19.655172413793103,-17.586206896551722,-15.517241379310343,-13.448275862068964,-11.379310344827584,-9.310344827586206,-7.241379310344826,-5.172413793103445,-3.1034482758620676,-1.0344827586206868,1.0344827586206904,3.103448275862071,5.172413793103452,7.241379310344833,9.310344827586206,11.379310344827587,13.448275862068968,15.517241379310349,17.58620689655173,19.65517241379311,21.724137931034484,23.793103448275865,25.862068965517246,27.931034482758626,30.0],"z":[[-1.1333690355369737,-1.0910028824461468,-1.0494552228262715,-1.009128464025692,-0.9705007008688128,-0.9341339455109369,-0.9006801380528612,-0.8708826494809729,-0.845570041687012,-0.82563802136676,-0.8120152949185439,-0.8056100671255128,-0.8072368531838157,-0.817528240630336,-0.8368424277797537,-0.8651828018656036,-0.902147866746327,-0.946926465612971,-0.9983445244268764,-1.054958117584344,-1.1151776001221096,-1.177402120269834,-1.2401438999124448,-1.3021259748580982,-1.3623436233007413,-1.4200868577918233,-1.4749279427751718,-1.526682861084916,-1.575358088332957,-1.621093674035548],[-1.0832178879285914,-1.0371340393896116,-0.9916248541216831,-0.9471069446015195,-0.9040876179854539,-0.8631788365863153,-0.8251102852461749,-0.7907388917061873,-0.7610504748768854,-0.7371472988538026,-0.7202138758831781,-0.7114536107752211,-0.7119922996945887,-0.7227520503221958,-0.7443101570676145,-0.7767685876373996,-0.819665714645697,-0.8719579027891673,-0.9320837105122561,-0.998102831215574,-1.06788398173593,-1.1393072369274317,-1.2104476179603518,-1.2797145363686766,-1.3459322265846652,-1.4083577506092502,-1.4666444048900353,-1.5207672579013793,-1.570931527122538,-1.617482650420556],[-1.0331526925962051,-0.983074310165423,-0.9332584699098299,-0.8841243218891089,-0.8361965163409201,-0.7901263631477928,-0.7467146119739688,-0.7069333111493407,-0.6719416024815181,-0.6430866789994788,-0.6218772467220247,-0.6099146867358196,-0.6087698464729154,-0.6198040267203518,-0.6439516961374887,-0.6815049341544364,-0.7319551101095974,-0.7939441801358934,-0.8653521435059954,-0.9435084832268196,-1.025482696225115,-1.1083958143873307,-1.1896998595677728,-1.2673852261135485,-1.3400906996796103,-1.4071085124411409,-1.468298424317345,-1.5239440565948963,-1.574592438843578,-1.6209110504914819],[-0.9835216172880891,-0.9291870682051466,-0.8747270352791658,-0.8205470801921583,-0.7671710864416527,-0.7152706845096282,-0.6657003319192538,-0.6195366583258821,-0.5781172146561587,-0.5430677225038673,-0.5162986237550603,-0.4999438992897949,-0.4962137021697592,-0.5071450220867562,-0.5342659471268246,-0.5782337236163576,-0.6385450165441368,-0.713420501513026,-0.7999200087350318,-0.8942683278201536,-0.9923109151798404,-1.0900031874321061,-1.183853842967438,-1.271259099695042,-1.3506734678623105,-1.4215869299502673,-1.4843305807635492,-1.5397864972584836,-1.5890949138268917,-1.6334257317015293],[-0.9347356804196957,-0.87591281429971,-0.816495381339728,-0.7568546655408787,-0.6974886902222683,-0.6390599358441343,-0.5824442927196432,-0.528792822846942,-0.4796043830528196,-0.436798635748915,-0.4027638145732885,-0.3803340999158608,-0.37263745946545807,-0.38276347903221064,-0.4132481553791828,-0.46545859296429937,-0.5390519391715252,-0.6317131488540987,-0.7392925337025581,-0.8563040728404763,-0.9766312672674502,-1.0942953396002808,-1.2042027024105468,-1.3027803731430487,-1.3883333157530582,-1.4609702256649966,-1.5221245760096869,-1.5738985288691507,-1.6184903898958838,-1.6578405726715932],[-0.8872704246250982,-0.8237735706711327,-0.759130800388177,-0.6936545191083864,-0.6277851014573729,-0.5621350799300998,-0.4975509549144971,-0.43519966764029233,-0.37668561377127646,-0.3241952032190113,-0.28064257243707724,-0.24974958877268927,-0.2359487340535289,-0.243983368327563,-0.27813926593894905,-0.3411969380657643,-0.43340713431172595,-0.551911317499419,-0.6908693886191661,-0.8421761367272558,-0.9964228702059128,-1.14395918323037,-1.2762451120565128,-1.3875159390832525,-1.4760318794996503,-1.5439198589527747,-1.5956144832076673,-1.635998064956639,-1.6692035042201994,-1.6982272262688967],[-0.8416643326228689,-0.7733733094683438,-0.7033069141288223,-0.6316918125118884,-0.558874226321798,-0.48536627180476166,-0.4119150452946175,-0.3396092028760833,-0.27004383645390573,-0.20556275175979866,-0.14957053265834794,-0.1068353744022846,-0.08359431725616995,-0.08718960099766375,-0.12500749915118275,-0.20273911034196715,-0.3224604933631985,-0.4814529512107255,-0.6723649206447062,-0.8841561095628686,-1.1024617221494013,-1.3090254976143836,-1.4829493655195067,-1.6081089794495107,-1.6830715513010195,-1.7207111901915364,-1.7375698007977147,-1.7459337313531118,-1.752674442427303,-1.7609449421422134],[-0.7985132152529425,-0.7253931553081152,-0.6498006590881003,-0.5718501377448336,-0.49175648098579633,-0.4098769653345318,-0.32677619604945396,-0.24333586402573656,-0.16095106226173198,-0.08187748799635272,-0.009788308933296744,0.0494985814930699,0.08739431823062518,0.09253734752449569,0.05197417686634489,-0.04622991690085553,-0.20973601621011798,-0.44062376723020497,-0.7390445730161194,-1.1137384663426169,-1.609637804402643,-2.527855798016655,-2.2985356731708917,-2.3889888078939503,-2.8721555051567855,-2.288457932393561,-2.0727860470392594,-1.9585903343026665,-1.8935581805161528,-1.857155144874956],[-0.7584601298192715,-0.6805806024175612,-0.5994808907247782,-0.5151399283826935,-0.4276089069253488,-0.33704202474445094,-0.2437419967330164,-0.14824121919534478,-0.05147593432044152,0.04481699185935149,0.13726703172245988,0.21943583290453247,0.2800439579392265,0.3017956697803448,0.26180012901132715,0.13413375915196243,-0.10748689872441264,-0.5051093324560072,-1.32863574291844,-1.194214955546249,-1.0462757191223482,-1.0874771497959315,-1.1987012328440643,-1.3538145992241704,-1.5507061192808158,-1.8072837265474613,-2.199293058195625,-2.6454422760581577,-2.1688237383301563,-2.0105232100937056],[-0.7221808296103567,-0.6397328283496911,-0.5532886454985683,-0.4626738490132871,-0.36775297458947037,-0.2684465004975747,-0.16474614900835405,-0.05673119265578035,0.05537542324700717,0.1709452694250332,0.28801770608630606,0.40093727847543453,0.49627831284679286,0.5487957899663101,0.5188070507579221,0.3478931691024875,-0.06622496415030821,-1.3826784336608875,-0.44949941579183383,-0.43167023671755644,-0.5273751351737742,-0.6647069712324198,-0.8238531109464027,-0.9992944230948125,-1.1916596734036884,-1.406936224526322,-1.6607557133172421,-1.9982421569891649,-2.6728794205503332,-2.2928599335537623],[-0.6903650917609103,-0.6036750143952792,-0.5122111158866182,-0.4156328895043669,-0.31360460104663973,-0.20580395641086885,-0.09191479013989236,0.028427737237790747,0.1557842136257408,0.2911111538463993,0.4354615080646864,0.5872381612691594,0.7340401800372077,0.8411638606779863,0.8456610634098852,0.6132173031708386,-0.700651181386193,0.15733085455137552,0.1355446515657868,-0.01648906524771243,-0.19611598986438092,-0.38219513069009836,-0.5716140895146287,-0.7650994750844223,-0.964905501698916,-1.1753110143658392,-1.4044923673544725,-1.6698821360994016,-2.0195672287733952,-2.7343924681059],[-0.6636942358550377,-0.5732347022694708,-0.4772524722478374,-0.37523127202991347,-0.2666239222717369,-0.150863694328919,-0.027365877780259354,0.10453033638553764,0.2458305037406292,0.39871198881643183,0.5681975537772186,0.7623006979178574,0.9811791996910505,1.1774268325527435,1.2723016843024078,0.970822700339951,0.7256519699622254,0.792297581681028,0.5415445865180263,0.2835882613653586,0.049446560674177624,-0.1704392707381882,-0.38331857895380866,-0.5929801304050517,-0.8024850000979157,-1.0157328500743217,-1.238781534982993,-1.482424257268909,-1.7699942029464961,-2.1738345131987518],[-0.6428146062155795,-0.5492119756593805,-0.44940268622687785,-0.3426870987460336,-0.22828912666015572,-0.10537307143181356,0.02691767430510841,0.16940666343951194,0.3229150116044204,0.48890642373480253,0.6728871563388878,0.8955511633745172,1.1907840052426877,1.5514081804864523,1.7606327565388122,1.4551831085433573,1.6669733430335827,1.2312765572041988,0.8022040427520966,0.4942608039168094,0.23301348580535228,-0.009927537359237402,-0.2418118646901356,-0.46576366238036143,-0.6848495012878071,-0.9029623989236106,-1.1255006481964303,-1.3608965565260256,-1.624878928617049,-1.9560694859854322],[-0.6283061244735479,-0.5323429549436999,-0.4295996407676265,-0.3191933230446556,-0.20009889342216192,-0.0711506058803287,0.06891140404067662,0.2212789953727356,0.38663670773825914,0.5641430466801651,0.7498792177494259,0.9426442366333996,1.223364602848905,1.467907199526081,1.8446735789750288,2.049618436916183,1.6615754159394458,1.2477537167286978,0.9202714103637635,0.6465081910905932,0.3710712443128743,0.10744817699268626,-0.14149897642603235,-0.3777981377664679,-0.6051022568604886,-0.8278415073270065,-1.0514521441951514,-1.2834977038494504,-1.536655570865316,-1.8382913922021105],[-0.6206452150547664,-0.5232527914263676,-0.41867363644162736,-0.3058638005085431,-0.18355407424036638,-0.05019989863178494,0.09605730788688473,0.2573547336301303,0.4357734945064904,0.6318603779595331,0.8384422523518185,1.0084442597552659,0.2516453555755523,1.2826159528387986,0.9850061778354277,1.2283294283530442,1.7087926613877373,1.2921832474107249,1.1234837891397191,0.7872505148166948,0.4689198530608562,0.18044732892626145,-0.08324254371281073,-0.32853633726039994,-0.5612689194693327,-0.786917394584033,-1.0112852266319319,-1.241692910663946,-1.4895350896438053,-1.7776716633704202],[-0.6201635027549446,-0.5223971068973521,-0.41726518945463675,-0.3036223439419479,-0.18002516985163133,-0.04461575414526823,0.10506064007221805,0.27235464128405046,0.46202642462508986,0.6811354423368292,0.9402644947247076,1.252282915758722,1.6211567907053324,1.868124461482412,1.9247021074783814,1.3754653884588988,1.9187678785608737,1.9112239546055403,1.3008861564715208,0.8544804062572103,0.49985264585017836,0.19748813909253987,-0.0720084789856962,-0.3197758134138413,-0.5534155397109403,-0.779093756364989,-1.0028402809369648,-1.231916324978669,-1.4772916605537911,-1.7604027528178539],[-0.6270075918462138,-0.5299987153756067,-0.4257226207209079,-0.31303206255797084,-0.19045992940256634,-0.05607296729900063,0.09278029785616598,0.25994015460303316,0.4513996414037974,0.6774871902386902,0.9583179453713145,1.3389271673783973,1.9140395279210618,2.093519998326296,1.8110359405275802,0.6950360862152942,1.2738168223544566,1.4084143330676446,1.1181747392634682,0.7574208261570387,0.43427103958255986,0.14769943276046235,-0.1120439114903686,-0.35311903096895647,-0.5819529034208933,-0.8041481735656386,-1.0254491937033507,-1.2530229022830772,-1.4979882662456663,-1.782549066612576],[-0.6411089946400266,-0.5459956635314226,-0.4440085522071381,-0.33411895983564716,-0.21503164419443108,-0.08507798607548848,0.0579480463208188,0.2170360407494399,0.3962693873419084,0.6008415057209512,0.8342065956504808,1.0706975349881747,0.6116715201509427,0.7715332421485105,1.0969487237467928,1.2255182460261531,0.5348999605792188,0.698675983761513,0.7291069848643145,0.5253328419873564,0.278567103236156,0.03291509169753789,-0.20259155794922637,-0.428189184464887,-0.6467363447145029,-0.8621397166128657,-1.0793921044315427,-1.3055876669694282,-1.5527079067249854,-1.8464323885134228],[-0.6621739532859804,-0.5700198634742354,-0.4716553900512281,-0.36627804579325884,-0.2529356777843098,-0.13050975954889496,0.0022616486002738014,0.1466143773068795,0.30308607171249013,0.469118133626502,0.6305895067594912,0.734581032233729,0.6947534978912346,0.4481977379537964,0.3403738703427315,0.5909400150487548,0.412990416224159,0.34272049883263134,0.34499850991831504,0.23576024461776196,0.062483951944854024,-0.13467013195173602,-0.3384152234791507,-0.542857221476802,-0.7472682095421328,-0.9536428893457816,-1.1661980209296614,-1.3923479213961338,-1.6463642922775827,-1.9628415438661637],[-0.6896989315121924,-0.601418361583284,-0.5077958521614522,-0.40832089475406413,-0.3024746422420432,-0.18980526176777962,-0.07011338998830856,0.056101262910683514,0.1865764821030431,0.31484099133929866,0.4253191459300724,0.48824983478652667,0.46756103454701514,0.2998679804236914,-0.30877358117886694,-0.27281530482886757,-0.08470228173487662,-0.03510060631226751,-0.018122016354173966,-0.07449496921696093,-0.191334896897085,-0.34346057851901035,-0.5142723915554404,-0.6954753248478205,-0.8841530040564234,-1.0810096591261553,-1.2900723684651534,-1.5202834363845275,-1.791805483812601,-2.164576691402091],[-0.7230103932872206,-0.639314763216723,-0.5512630981069033,-0.4586500545140211,-0.36138675789078817,-0.25963323829133533,-0.1540544636720985,-0.0463097641482379,0.06004782745051954,0.15809085965568495,0.2357255981546265,0.27519025698613825,0.25465727619142176,0.14481689609263496,-0.10010734714277789,-0.5955442772830725,-1.0330165769738426,-0.5407588764356581,-0.4193866891879867,-0.4148637781093351,-0.4808160050816462,-0.5914237424514129,-0.7304051251116777,-0.8886051917670652,-1.0621498550360713,-1.2514831999694953,-1.4618939907402984,-1.707279910417209,-2.026087887872851,-2.6005321871457454],[-0.7613207338144189,-0.6826951271166789,-0.6007280488740235,-0.5154883700205841,-0.42724600762030857,-0.33661931146611496,-0.24482046842059474,-0.15404928737916385,-0.06807443338526693,0.007055018782044838,0.062482002613531304,0.08674709291188835,0.06671581634513957,-0.011608369078192382,-0.16207912409516428,-0.40210468779805875,-0.7958014062097556,-2.2221450812397596,-0.9841934466108746,-0.8369782942790547,-0.8314837896288783,-0.8947211927591404,-1.0003663805502496,-1.1361901681069544,-1.2975490128888496,-1.4861871974496739,-1.712893355254769,-2.0110259029168454,-2.530651872705523,-2.4254196774574632],[-0.8037890098843062,-0.7304976365134747,-0.6548346806308134,-0.5770864171362715,-0.4977807877561123,-0.4178201618467544,-0.33867583846290983,-0.2626547468129888,-0.19322020171574572,-0.13527994844722294,-0.0952586521880529,-0.08075554842175055,-0.0997736843248321,-0.15969197643298166,-0.266319863212954,-0.42467714231254916,-0.6452246203896012,-0.9637060905699403,-1.560839266378384,-1.6536001820140098,-1.3612977449560473,-1.3244782654317144,-1.379231857152943,-1.4899389238262228,-1.6479957579290894,-1.862604931710778,-2.180426087993567,-2.9413037091889422,-2.313920438727342,-2.115355982774442],[-0.8495761453955157,-0.7816890909137871,-0.7123056168700979,-0.6418648186851897,-0.5710527992030641,-0.5009075092864267,-0.43295491002741415,-0.36936894700831946,-0.31312518071439943,-0.26808296867344045,-0.2389015343829775,-0.2307106929690294,-0.24853811848493432,-0.29660591874861014,-0.3777722510543645,-0.49364976761530216,-0.6458663539335991,-0.8382167394000066,-1.0793035842087924,-1.387793668417956,-1.813318771987058,-2.6237288512829675,-2.3604704884988625,-2.356827171352246,-2.6564351234957866,-2.56756571100877,-2.2568328597036973,-2.1012368369563776,-2.0108723358764133,-1.9566505157146246],[-0.8978880460057228,-0.8353194184177763,-0.7720080076221697,-0.7084858964141821,-0.6455147228850995,-0.584160918279046,-0.5258821232333626,-0.472612450914952,-0.42682068020093805,-0.39150044009841534,-0.37004552248908124,-0.36598090258224186,-0.38256571291217206,-0.4223483755476074,-0.48682274228646194,-0.5763575933148769,-0.6904287922388709,-0.8278680939528451,-0.9866448910667815,-1.162834887031428,-1.348706748332228,-1.5303738073011435,-1.687427455832083,-1.7997392193206547,-1.8607372927161385,-1.8817416575105186,-1.88095261228816,-1.8725523825223933,-1.8643497959571556,-1.85969118385292],[-0.948004339595669,-0.8905531578629324,-0.8329832097543047,-0.7758707174855325,-0.7199923117183157,-0.6663747967269383,-0.6163447829628858,-0.5715667581881911,-0.5340511801129681,-0.5061088887443309,-0.49022986214856407,-0.48887826816359403,-0.5042223392190411,-0.537849962491496,-0.5905441660428713,-0.6621801643627419,-0.7517328111172454,-0.8572819438731515,-0.9758758806739727,-1.1032293106424074,-1.2334423808043273,-1.3591359153498626,-1.4724692097254255,-1.5671258448531646,-1.6403695320701825,-1.6936556549176751,-1.731309654987833,-1.7584359722954335,-1.7794220817880715,-1.7974068624470976],[-0.9992937220468058,-0.9466816900085763,-0.894449984788279,-0.843182673072085,-0.7936312757741121,-0.7467449845433657,-0.7036954040751853,-0.6658870073057324,-0.6349413838614638,-0.6126423312322926,-0.60083235520221,-0.6012609122688346,-0.6153997608734693,-0.6442562241711197,-0.6882223165980318,-0.746986557761445,-0.819504072370344,-0.90398870158613,-0.9978928892233276,-1.0978920130242464,-1.1999602881664464,-1.2996591107268907,-1.3927036353655606,-1.4757111781387595,-1.546841768040177,-1.606003703689291,-1.6545250183239728,-1.6945076055992616,-1.7281966002971658,-1.7575707090629693],[-1.0512186364745872,-1.00312178103348,-0.9557915325331945,-0.9097949865200506,-0.865834699887043,-0.8247650056553361,-0.7876010144549799,-0.7555141173676542,-0.729806725060916,-0.7118595601309033,-0.7030481250504658,-0.7046313638807298,-0.7176238909857733,-0.742670495343134,-0.7799437433253107,-0.8290791838869351,-0.8891495834726832,-0.958668766847042,-1.035618300793387,-1.117508318687769,-1.2015034570040493,-1.2846447654737456,-1.3641654212820742,-1.4378404624746357,-1.5042629133582144,-1.5629443425750023,-1.6142087604322912,-1.658939876519408,-1.698289133265617,-1.7334345567477416],[-1.1033324868786185,-1.0594057662033114,-1.016534583149759,-0.9752535594386553,-0.9362041766027672,-0.9001417758533263,-0.8679352294219462,-0.8405551944054446,-0.819046732788165,-0.8044831056027284,-0.7979001271883049,-0.8002145165379102,-0.8121343360488253,-0.8340732039822496,-0.8660806140163458,-0.9077974621907376,-0.9584401522164215,-1.0168122189015394,-1.0813429544810533,-1.1501576848316144,-1.2211884073826311,-1.2923290959737974,-1.3616243170048075,-1.4274587532374419,-1.4887018273084738,-1.5447680365860563,-1.595580520312145,-1.6414586159548543,-1.682970953210512,-1.720795398083558],[-1.1552722817546375,-1.1151675565896877,-1.0763260749032229,-1.0392414585835572,-1.0044898970854126,-0.9727312426003121,-0.9447035788175999,-0.9212086807824739,-0.9030860430336589,-0.8911741555266363,-0.8862595673395869,-0.8890168142856395,-0.8999449204520146,-0.919308030056936,-0.9470879438215148,-0.9829546763477462,-1.0262583888662893,-1.0760437450008793,-1.1310871184356386,-1.1899577459640824,-1.2511036643546407,-1.3129596814703033,-1.3740673839284532,-1.4331891781719477,-1.4893945470745322,-1.5421009005641702,-1.5910631428586637,-1.6363202130542969,-1.6781167872228437,-1.7168204048493767]],"zmax":2,"zmin":-3,"type":"heatmap","xaxis":"x2","yaxis":"y2"}],                        {"template":{"data":{"barpolar":[{"marker":{"line":{"color":"rgb(17,17,17)","width":0.5},"pattern":{"fillmode":"overlay","size":10,"solidity":0.2}},"type":"barpolar"}],"bar":[{"error_x":{"color":"#f2f5fa"},"error_y":{"color":"#f2f5fa"},"marker":{"line":{"color":"rgb(17,17,17)","width":0.5},"pattern":{"fillmode":"overlay","size":10,"solidity":0.2}},"type":"bar"}],"carpet":[{"aaxis":{"endlinecolor":"#A2B1C6","gridcolor":"#506784","linecolor":"#506784","minorgridcolor":"#506784","startlinecolor":"#A2B1C6"},"baxis":{"endlinecolor":"#A2B1C6","gridcolor":"#506784","linecolor":"#506784","minorgridcolor":"#506784","startlinecolor":"#A2B1C6"},"type":"carpet"}],"choropleth":[{"colorbar":{"outlinewidth":0,"ticks":""},"type":"choropleth"}],"contourcarpet":[{"colorbar":{"outlinewidth":0,"ticks":""},"type":"contourcarpet"}],"contour":[{"colorbar":{"outlinewidth":0,"ticks":""},"colorscale":[[0.0,"#0d0887"],[0.1111111111111111,"#46039f"],[0.2222222222222222,"#7201a8"],[0.3333333333333333,"#9c179e"],[0.4444444444444444,"#bd3786"],[0.5555555555555556,"#d8576b"],[0.6666666666666666,"#ed7953"],[0.7777777777777778,"#fb9f3a"],[0.8888888888888888,"#fdca26"],[1.0,"#f0f921"]],"type":"contour"}],"heatmap":[{"colorbar":{"outlinewidth":0,"ticks":""},"colorscale":[[0.0,"#0d0887"],[0.1111111111111111,"#46039f"],[0.2222222222222222,"#7201a8"],[0.3333333333333333,"#9c179e"],[0.4444444444444444,"#bd3786"],[0.5555555555555556,"#d8576b"],[0.6666666666666666,"#ed7953"],[0.7777777777777778,"#fb9f3a"],[0.8888888888888888,"#fdca26"],[1.0,"#f0f921"]],"type":"heatmap"}],"histogram2dcontour":[{"colorbar":{"outlinewidth":0,"ticks":""},"colorscale":[[0.0,"#0d0887"],[0.111111111111