<html>
<head><meta charset="utf-8" /></head>
<body>
    <div>                        <script type="text/javascript">window.PlotlyConfig = {MathJaxConfig: 'local'};</script>
        <script charset="utf-8" src="https://cdn.plot.ly/plotly-3.3.0.min.js" integrity="sha256-bO3dS6yCpk9aK4gUpNELtCiDeSYvGYnK7jFI58NQnHI=" crossorigin="anonymous"></script>                <div id="ce5fa025-ac1f-4d53-a85e-1d434ea18753" class="plotly-graph-div" style="height:520px; width:1100px;"></div>            <script type="text/javascript">                window.PLOTLYENV=window.PLOTLYENV || {};                                if (document.getElementById("ce5fa025-ac1f-4d53-a85e-1d434ea18753")) {                    Plotly.newPlot(                        "ce5fa025-ac1f-4d53-a85e-1d434ea18753",                        [{"colorscale":[[0.0,"rgb(0,0,0)"],[0.3333333333333333,"rgb(230,0,0)"],[0.6666666666666666,"rgb(255,210,0)"],[1.0,"rgb(255,255,255)"]],"showscale":false,"x":[-30.0,-27.93103448275862,-25.862068965517242,-23.79310344827586,-21.724137931034484,-19.655172413793103,-17.586206896551722,-15.517241379310343,-13.448275862068964,-11.379310344827584,-9.310344827586206,-7.241379310344826,-5.172413793103445,-3.1034482758620676,-1.0344827586206868,1.0344827586206904,3.103448275862071,5.172413793103452,7.241379310344833,9.310344827586206,11.379310344827587,13.448275862068968,15.517241379310349,17.58620689655173,19.65517241379311,21.724137931034484,23.793103448275865,25.862068965517246,27.931034482758626,30.0],"y":[-30.0,-27.93103448275862,-25.862068965517242,-23.79310344827586,-21.724137931034484,-19.655172413793103,-17.586206896551722,-15.517241379310343,-13.448275862068964,-11.379310344827584,-9.310344827586206,-7.241379310344826,-5.172413793103445,-3.1034482758620676,-1.0344827586206868,1.0344827586206904,3.103448275862071,5.172413793103452,7.241379310344833,9.310344827586206,11.379310344827587,13.448275862068968,15.517241379310349,17.58620689655173,19.65517241379311,21.724137931034484,23.793103448275865,25.862068965517246,27.931034482758626,30.0],"z":[[2.050351936234355,2.0951329211475285,2.1396697319230853,2.183675612816571,2.2268086219133245,2.268667801007279,2.3087918823245794,2.3466618894735096,2.381709126991024,2.4133299397622556,2.4409081143597007,2.4638447844059868,2.481594215460828,2.49370212010173,2.499841663921389,2.499841663921389,2.49370212010173,2.481594215460828,2.4638447844059868,2.4409081143597007,2.4133299397622556,2.381709126991024,2.3466618894735096,2.3087918823245794,2.268667801007279,2.2268086219133245,2.183675612816571,2.1396697319230853,2.0951329211475285,2.050351936234355],[2.0951329211475285,2.1432253161209722,2.1913082560795867,2.239086020000104,2.2861959342138567,2.3322010516887213,2.376585275210156,2.4187528219466943,2.458034340956168,2.49370212010173,2.524996374615696,2.551163321108339,2.5715034998606505,2.5854258826574377,2.5925004677457264,2.5925004677457264,2.5854258826574377,2.5715034998606505,2.551163321108339,2.5249963746156956,2.49370212010173,2.458034340956168,2.4187528219466943,2.376585275210156,2.3322010516887213,2.2861959342138567,2.239086020000104,2.1913082560795867,2.143225316120972,2.0951329211475285],[2.1396697319230853,2.1913082560795867,2.2432305206255725,2.295140350266683,2.3466618894735096,2.3973274005826664,2.446566897597753,2.49370212010173,2.5379482506751847,2.578427434022436,2.614198079275152,2.644302506773411,2.6678322654565716,2.684005529003676,2.692245563541131,2.692245563541131,2.684005529003676,2.6678322654565716,2.644302506773411,2.6141980792751514,2.578427434022436,2.5379482506751847,2.49370212010173,2.446566897597753,2.3973274005826664,2.3466618894735096,2.295140350266683,2.2432305206255725,2.1913082560795867,2.1396697319230853],[2.183675612816571,2.239086020000104,2.295140350266683,2.3515545012482026,2.4079518962653492,2.4638447844059868,2.51861589732749,2.5715034998606505,2.6215945376273284,2.6678322654565716,2.7090456853716836,2.7440071247305404,2.771520013014144,2.7905308326397287,2.800248857619146,2.800248857619146,2.7905308326397287,2.771520013014144,2.7440071247305404,2.7090456853716836,2.6678322654565716,2.6215945376273284,2.5715034998606505,2.51861589732749,2.4638447844059868,2.4079518962653492,2.3515545012482026,2.295140350266683,2.2390860200001037,2.183675612816571],[2.2268086219133245,2.2861959342138567,2.3466618894735096,2.4079518962653492,2.4697076047654836,2.531440070459558,2.5925004677457264,2.652051537716051,2.7090456853716836,2.762219083176169,2.8101143579177417,2.8511453465432006,2.8837128768302387,2.9063678997620292,2.9179985630342813,2.9179985630342813,2.9063678997620292,2.8837128768302387,2.8511453465432006,2.8101143579177417,2.762219083176169,2.7090456853716836,2.652051537716051,2.5925004677457264,2.531440070459558,2.4697076047654836,2.4079518962653492,2.3466618894735096,2.2861959342138563,2.2268086219133245],[2.268667801007279,2.3322010516887213,2.3973274005826664,2.4638447844059868,2.531440070459558,2.5996528648210355,2.6678322654565716,2.73508894488609,2.800248857619146,2.86182091743319,2.9179985630342813,2.96672129964515,3.005820750595979,3.0332582253749636,3.0474239568371564,3.0474239568371564,3.0332582253749636,3.005820750595979,2.96672129964515,2.9179985630342813,2.86182091743319,2.800248857619146,2.73508894488609,2.6678322654565716,2.5996528648210355,2.531440070459558,2.4638447844059868,2.3973274005826664,2.3322010516887213,2.268667801007279],[2.3087918823245794,2.376585275210156,2.446566897597753,2.51861589732749,2.5925004677457264,2.6678322654565716,2.7440071247305404,2.820131880859334,2.8949416936418917,2.96672129964515,3.0332582253749636,3.0918738638658194,3.1395891160033074,3.1734643151451998,3.191088121604085,3.191088121604085,3.1734643151451998,3.1395891160033074,3.0918738638658194,3.0332582253749636,2.96672129964515,2.8949416936418917,2.820131880859334,2.7440071247305404,2.6678322654565716,2.5925004677457264,2.51861589732749,2.4465668975977524,2.376585275210156,2.3087918823245794],[2.3466618894735096,2.4187528219466943,2.49370212010173,2.5715034998606505,2.652051537716051,2.73508894488609,2.820131880859334,2.9063678997620292,2.99252451906099,3.076716871990897,3.1563059694762834,3.2278382570176958,3.287182376724423,3.329988584672001,3.3524982930348055,3.3524982930348055,3.329988584672001,3.287182376724423,3.2278382570176958,3.1563059694762834,3.076716871990897,2.99252451906099,2.9063678997620292,2.820131880859334,2.73508894488609,2.652051537716051,2.5715034998606505,2.49370212010173,2.4187528219466943,2.3466618894735096],[2.381709126991024,2.458034340956168,2.5379482506751847,2.6215945376273284,2.7090456853716836,2.800248857619146,2.8949416936418917,2.99252451906099,3.0918738638658194,3.191088121604085,3.287182376724423,3.375816231233252,3.45125806214455,3.5069085890703176,3.5366311338059386,3.5366311338059386,3.5069085890703176,3.45125806214455,3.375816231233252,3.2871823767244224,3.191088121604085,3.0918738638658194,2.9925245190609897,2.8949416936418912,2.800248857619146,2.7090456853716836,2.6215945376273284,2.5379482506751847,2.4580343409561674,2.381709126991024],[2.4133299397622556,2.49370212010173,2.578427434022436,2.6678322654565716,2.762219083176169,2.86182091743319,2.96672129964515,3.076716871990897,3.191088121604085,3.308232917291318,3.4251247997039003,3.5366311338059386,3.634954937147852,3.709892811826632,3.750877823033965,3.7508778230339646,3.709892811826632,3.634954937147852,3.5366311338059386,3.4251247997039003,3.308232917291318,3.191088121604085,3.0767168719908966,2.96672129964515,2.86182091743319,2.762219083176169,2.6678322654565716,2.578427434022436,2.4937021201017298,2.4133299397622556],[2.4409081143597007,2.524996374615696,2.614198079275152,2.7090456853716836,2.8101143579177417,2.9179985630342813,3.0332582253749636,3.1563059694762834,3.287182376724423,3.4251247997039003,3.5677799373191332,3.709892811826632,3.841539926481267,3.946960331724433,4.006878876557858,4.006878876557858,3.946960331724433,3.841539926481267,3.709892811826632,3.5677799373191332,3.4251247997039003,3.287182376724423,3.1563059694762834,3.033258225374963,2.9179985630342813,2.8101143579177417,2.7090456853716836,2.6141980792751514,2.5249963746156956,2.4409081143597007],[2.4638447844059868,2.551163321108339,2.644302506773411,2.7440071247305404,2.8511453465432006,2.96672129964515,3.0918738638658194,3.2278382570176958,3.375816231233252,3.5366311338059386,3.709892811826632,3.8921112471405634,4.072900994969267,4.229337245488152,4.324441637719762,4.324441637719762,4.229337245488152,4.072900994969267,3.8921112471405634,3.709892811826632,3.5366311338059386,3.375816231233252,3.2278382570176953,3.0918738638658194,2.96672129964515,2.8511453465432,2.7440071247305404,2.6443025067734105,2.5511633211083384,2.4638447844059868],[2.481594215460828,2.5715034998606505,2.6678322654565716,2.771520013014144,2.8837128768302387,3.005820750595979,3.1395891160033074,3.287182376724423,3.45125806214455,3.634954937147852,3.841539926481267,4.072900994969267,4.324441637719762,4.57065486252666,4.740898586120021,4.740898586120021,4.57065486252666,4.324441637719762,4.072900994969267,3.841539926481267,3.634954937147852,3.45125806214455,3.2871823767244224,3.1395891160033074,3.005820750595979,2.8837128768302382,2.771520013014144,2.6678322654565716,2.57150349986065,2.481594215460828],[2.49370212010173,2.5854258826574377,2.684005529003676,2.7905308326397287,2.9063678997620292,3.0332582253749636,3.1734643151451998,3.329988584672001,3.5069085890703176,3.709892811826632,3.946960331724433,4.229337245488152,4.57065486252666,4.972310517285254,5.334815262680463,5.334815262680462,4.972310517285254,4.57065486252666,4.229337245488152,3.9469603317244326,3.709892811826632,3.5069085890703176,3.3299885846720003,3.1734643151451998,3.0332582253749636,2.9063678997620292,2.7905308326397287,2.6840055290036755,2.5854258826574377,2.49370212010173],[2.499841663921389,2.5925004677457264,2.692245563541131,2.800248857619146,2.9179985630342813,3.0474239568371564,3.191088121604085,3.3524982930348055,3.5366311338059386,3.750877823033965,4.006878876557858,4.324441637719762,4.740898586120021,5.334815262680463,6.210488943151587,6.210488943151585,5.334815262680463,4.740898586120021,4.324441637719762,4.006878876557858,3.750877823033965,3.5366311338059386,3.352498293034805,3.191088121604085,3.0474239568371564,2.9179985630342813,2.800248857619146,2.6922455635411304,2.5925004677457264,2.499841663921389],[2.499841663921389,2.5925004677457264,2.692245563541131,2.800248857619146,2.9179985630342813,3.0474239568371564,3.191088121604085,3.3524982930348055,3.5366311338059386,3.7508778230339646,4.006878876557858,4.324441637719762,4.740898586120021,5.334815262680462,6.210488943151585,6.210488943151582,5.334815262680462,4.740898586120021,4.324441637719762,4.006878876557858,3.7508778230339646,3.5366311338059386,3.352498293034805,3.191088121604085,3.0474239568371564,2.917998563034281,2.800248857619146,2.6922455635411304,2.5925004677457264,2.499841663921389],[2.49370212010173,2.5854258826574377,2.684005529003676,2.7905308326397287,2.9063678997620292,3.0332582253749636,3.1734643151451998,3.329988584672001,3.5069085890703176,3.709892811826632,3.946960331724433,4.229337245488152,4.57065486252666,4.972310517285254,5.334815262680463,5.334815262680462,4.972310517285254,4.57065486252666,4.229337245488152,3.9469603317244326,3.709892811826632,3.5069085890703176,3.3299885846720003,3.1734643151451998,3.0332582253749636,2.9063678997620292,2.7905308326397287,2.6840055290036755,2.5854258826574377,2.49370212010173],[2.481594215460828,2.5715034998606505,2.6678322654565716,2.771520013014144,2.8837128768302387,3.005820750595979,3.1395891160033074,3.287182376724423,3.45125806214455,3.634954937147852,3.841539926481267,4.072900994969267,4.324441637719762,4.57065486252666,4.740898586120021,4.740898586120021,4.57065486252666,4.324441637719762,4.072900994969267,3.841539926481267,3.634954937147852,3.45125806214455,3.2871823767244224,3.1395891160033074,3.005820750595979,2.8837128768302382,2.771520013014144,2.6678322654565716,2.57150349986065,2.481594215460828],[2.4638447844059868,2.551163321108339,2.644302506773411,2.7440071247305404,2.8511453465432006,2.96672129964515,3.0918738638658194,3.2278382570176958,3.375816231233252,3.5366311338059386,3.709892811826632,3.8921112471405634,4.072900994969267,4.229337245488152,4.324441637719762,4.324441637719762,4.229337245488152,4.072900994969267,3.8921112471405634,3.709892811826632,3.5366311338059386,3.375816231233252,3.2278382570176953,3.0918738638658194,2.96672129964515,2.8511453465432,2.7440071247305404,2.6443025067734105,2.5511633211083384,2.4638447844059868],[2.4409081143597007,2.5249963746156956,2.6141980792751514,2.7090456853716836,2.8101143579177417,2.9179985630342813,3.0332582253749636,3.1563059694762834,3.2871823767244224,3.4251247997039003,3.5677799373191332,3.709892811826632,3.841539926481267,3.9469603317244326,4.006878876557858,4.006878876557858,3.9469603317244326,3.841539926481267,3.709892811826632,3.5677799373191332,3.4251247997039003,3.2871823767244224,3.156305969476283,3.033258225374963,2.9179985630342813,2.8101143579177417,2.7090456853716836,2.614198079275151,2.5249963746156956,2.4409081143597007],[2.4133299397622556,2.49370212010173,2.578427434022436,2.6678322654565716,2.762219083176169,2.86182091743319,2.96672129964515,3.076716871990897,3.191088121604085,3.308232917291318,3.4251247997039003,3.5366311338059386,3.634954937147852,3.709892811826632,3.750877823033965,3.7508778230339646,3.709892811826632,3.634954937147852,3.5366311338059386,3.4251247997039003,3.308232917291318,3.191088121604085,3.0767168719908966,2.96672129964515,2.86182091743319,2.762219083176169,2.6678322654565716,2.578427434022436,2.4937021201017298,2.4133299397622556],[2.381709126991024,2.458034340956168,2.5379482506751847,2.6215945376273284,2.7090456853716836,2.800248857619146,2.8949416936418917,2.99252451906099,3.0918738638658194,3.191088121604085,3.287182376724423,3.375816231233252,3.45125806214455,3.5069085890703176,3.5366311338059386,3.5366311338059386,3.5069085890703176,3.45125806214455,3.375816231233252,3.2871823767244224,3.191088121604085,3.0918738638658194,2.9925245190609897,2.8949416936418912,2.800248857619146,2.7090456853716836,2.6215945376273284,2.5379482506751847,2.4580343409561674,2.381709126991024],[2.3466618894735096,2.4187528219466943,2.49370212010173,2.5715034998606505,2.652051537716051,2.73508894488609,2.820131880859334,2.9063678997620292,2.9925245190609897,3.0767168719908966,3.1563059694762834,3.2278382570176953,3.2871823767244224,3.3299885846720003,3.352498293034805,3.352498293034805,3.3299885846720003,3.2871823767244224,3.2278382570176953,3.156305969476283,3.0767168719908966,2.9925245190609897,2.906367899762029,2.8201318808593334,2.73508894488609,2.6520515377160505,2.5715034998606505,2.4937021201017298,2.418752821946694,2.3466618894735096],[2.3087918823245794,2.376585275210156,2.446566897597753,2.51861589732749,2.5925004677457264,2.6678322654565716,2.7440071247305404,2.820131880859334,2.8949416936418912,2.96672129964515,3.033258225374963,3.0918738638658194,3.1395891160033074,3.1734643151451998,3.191088121604085,3.191088121604085,3.1734643151451998,3.1395891160033074,3.0918738638658194,3.033258225374963,2.96672129964515,2.8949416936418912,2.8201318808593334,2.74400712473054,2.6678322654565716,2.5925004677457264,2.51861589732749,2.4465668975977524,2.376585275210156,2.3087918823245794],[2.268667801007279,2.3322010516887213,2.3973274005826664,2.4638447844059868,2.531440070459558,2.5996528648210355,2.6678322654565716,2.73508894488609,2.800248857619146,2.86182091743319,2.9179985630342813,2.96672129964515,3.005820750595979,3.0332582253749636,3.0474239568371564,3.0474239568371564,3.0332582253749636,3.005820750595979,2.96672129964515,2.9179985630342813,2.86182091743319,2.800248857619146,2.73508894488609,2.6678322654565716,2.5996528648210355,2.531440070459558,2.4638447844059868,2.3973274005826664,2.3322010516887213,2.268667801007279],[2.2268086219133245,2.2861959342138567,2.3466618894735096,2.4079518962653492,2.4697076047654836,2.531440070459558,2.5925004677457264,2.652051537716051,2.7090456853716836,2.762219083176169,2.8101143579177417,2.8511453465432,2.8837128768302382,2.9063678997620292,2.9179985630342813,2.917998563034281,2.9063678997620292,2.8837128768302382,2.8511453465432,2.8101143579177417,2.762219083176169,2.7090456853716836,2.6520515377160505,2.5925004677457264,2.531440070459558,2.4697076047654836,2.4079518962653492,2.3466618894735096,2.2861959342138563,2.2268086219133245],[2.183675612816571,2.239086020000104,2.295140350266683,2.3515545012482026,2.4079518962653492,2.4638447844059868,2.51861589732749,2.5715034998606505,2.6215945376273284,2.6678322654565716,2.7090456853716836,2.7440071247305404,2.771520013014144,2.7905308326397287,2.800248857619146,2.800248857619146,2.7905308326397287,2.771520013014144,2.7440071247305404,2.7090456853716836,2.6678322654565716,2.6215945376273284,2.5715034998606505,2.51861589732749,2.4638447844059868,2.4079518962653492,2.3515545012482026,2.295140350266683,2.2390860200001037,2.183675612816571],[2.1396697319230853,2.1913082560795867,2.2432305206255725,2.295140350266683,2.3466618894735096,2.3973274005826664,2.4465668975977524,2.49370212010173,2.5379482506751847,2.578427434022436,2.6141980792751514,2.6443025067734105,2.6678322654565716,2.6840055290036755,2.6922455635411304,2.6922455635411304,2.6840055290036755,2.6678322654565716,2.6443025067734105,2.614198079275151,2.578427434022436,2.5379482506751847,2.4937021201017298,2.4465668975977524,2.3973274005826664,2.3466618894735096,2.295140350266683,2.243230520625572,2.1913082560795862,2.1396697319230853],[2.0951329211475285,2.143225316120972,2.1913082560795867,2.2390860200001037,2.2861959342138563,2.3322010516887213,2.376585275210156,2.4187528219466943,2.4580343409561674,2.4937021201017298,2.5249963746156956,2.5511633211083384,2.57150349986065,2.5854258826574377,2.5925004677457264,2.5925004677457264,2.5854258826574377,2.57150349986065,2.5511633211083384,2.5249963746156956,2.4937021201017298,2.4580343409561674,2.418752821946694,2.376585275210156,2.3322010516887213,2.2861959342138563,2.2390860200001037,2.1913082560795862,2.143225316120972,2.0951329211475285],[2.050351936234355,2.0951329211475285,2.1396697319230853,2.183675612816571,2.2268086219133245,2.268667801007279,2.3087918823245794,2.3466618894735096,2.381709126991024,2.4133299397622556,2.4409081143597007,2.4638447844059868,2.481594215460828,2.49370212010173,2.499841663921389,2.499841663921389,2.49370212010173,2.481594215460828,2.4638447844059868,2.4409081143597007,2.4133299397622556,2.381709126991024,2.3466618894735096,2.3087918823245794,2.268667801007279,2.2268086219133245,2.183675612816571,2.1396697319230853,2.0951329211475285,2.050351936234355]],"zmax":2,"zmin":-3,"type":"heatmap","xaxis":"x","yaxis":"y"},{"colorbar":{"title":{"text":"log₁₀|B|(pT)"},"x":1.02},"colorscale":[[0.0,"rgb(0,0,0)"],[0.3333333333333333,"rgb(230,0,0)"],[0.6666666666666666,"rgb(255,210,0)"],[1.0,"rgb(255,255,255)"]],"showscale":true,"x":[-30.0,-27.93103448275862,-25.862068965517242,-23.79310344827586,-21.724137931034484,-19.655172413793103,-17.586206896551722,-15.517241379310343,-13.448275862068964,-11.379310344827584,-9.310344827586206,-7.241379310344826,-5.172413793103445,-3.1034482758620676,-1.0344827586206868,1.0344827586206904,3.103448275862071,5.172413793103452,7.241379310344833,9.310344827586206,11.379310344827587,13.448275862068968,15.517241379310349,17.58620689655173,19.65517241379311,21.724137931034484,23.793103448275865,25.862068965517246,27.931034482758626,30.0],"y":[-30.0,-27.93103448275862,-25.862068965517242,-23.79310344827586,-21.724137931034484,-19.655172413793103,-17.586206896551722,-15.517241379310343,-13.448275862068964,-11.379310344827584,-9.310344827586206,-7.241379310344826,-5.172413793103445,-3.1034482758620676,-1.0344827586206868,1.0344827586206904,3.103448275862071,5.172413793103452,7.241379310344833,9.310344827586206,11.379310344827587,13.448275862068968,15.517241379310349,17.58620689655173,19.65517241379311,21.724137931034484,23.793103448275865,25.862068965517246,27.931034482758626,30.0],"z":[[-0.13871549580800063,-0.09584963475196642,-0.0538575401408189,-0.013138597320316685,0.02583188513391146,0.062494380990947784,0.0961990584344058,0.12620418447582754,0.15168225403298535,0.17173790378287204,0.18544190101460184,0.1918844639526385,0.1902482479995055,0.17989637463339578,0.16046470470990706,0.1319421418068268,0.0947207267446827,0.04960066408545188,-0.002255864227964682,-0.059416860191726956,-0.12030343744207575,-0.18332299695365772,-0.2469923206124245,-0.31003460213841805,-0.37144089445501,-0.43049340265818864,-0.48675439746252724,-0.5400293127515566,-0.5903149990689665,-0.6377438561701432],[-0.08797805965624993,-0.04141260688592534,0.0045241259859419404,0.04941873579300316,0.0927669070931308,0.13395938660445889,0.17226883626565892,0.20684021528268956,0.23668901184704477,0.26071354118858964,0.27772896032114053,0.286530400792484,0.2859892039121243,0.27517869909803966,0.25351501984074926,0.22088736217310279,0.17774615612611666,0.12512168529871953,0.06456055711900742,-0.0020119850633010753,-0.07247813898472755,-0.1447277638044572,-0.21684005911469756,-0.28722193800352924,-0.3546887141389974,-0.41848374614942774,-0.47824441373249144,-0.5339303832797256,-0.5857341486913182,-0.6339923112512835],[-0.037392024848844005,0.013150075987779862,0.06337667292982826,0.11287200883880559,0.16111463059693393,0.20745616537380018,0.25109846026421184,0.2910716227788579,0.32621809912288396,0.35519155511634337,0.3764832073665511,0.38849039392874396,0.389639440708302,0.3785642502106623,0.3543230983622862,0.31661370502438585,0.2659312142609925,0.20361694302947514,0.13177167517461075,0.05304597964954613,-0.029647458664889242,-0.1134417670110645,-0.1957919898838875,-0.2746807198231331,-0.3487290243634786,-0.41720508190764904,-0.4799432950153204,-0.5372053117972038,-0.5895225460902335,-0.6375540967342868],[0.012698861141189545,0.06747959272666602,0.12233380894003003,0.17685951711770503,0.23053623196822054,0.28269548842748987,0.33248568250338123,0.3788326247352443,0.42040066015832295,0.4555652480209887,0.48241618463461683,0.4988184748196603,0.5025592714732416,0.49159662961809225,0.4643944922401363,0.4202837528528854,0.35975116441131805,0.28455433770196914,0.19760722751929627,0.1026567672419639,0.0038319494937529806,-0.09483873364252038,-0.1898639506324684,-0.27862051686734013,-0.3595270610912229,-0.43202991801928986,-0.49641951027564346,-0.5535483232138301,-0.6045411243573973,-0.6505650695002603],[0.0618879530170267,0.12113996668074527,0.18093536967745047,0.24090661142897732,0.30055925872879596,0.35923421981295145,0.41605871557385604,0.4698844177562518,0.5192146940823336,0.5621314220492946,0.5962469830694485,0.618726543433926,0.6264397022193016,0.6162918892363279,0.5857384430377497,0.5333983792117285,0.45959363322024593,0.36660967650558685,0.2585576873750631,0.14087924089772266,0.019648957932783345,-0.09917918372157798,-0.21050321627482624,-0.3107010356014814,-0.3979979065519742,-0.472417660805872,-0.5353295377864026,-0.5888043862604802,-0.6350391444112906,-0.6759920305673083],[0.10970399176464865,0.17361362951559597,0.23861868211392065,0.3044106259627305,0.3705528539202875,0.4364364342033452,0.5012182293548744,0.5637343270152981,0.6223828964447865,0.674979453480706,0.7186109055804654,0.7495551884784589,0.7633778052709677,0.7553305857824791,0.7211185063790921,0.657944734780954,0.565531256542075,0.4466934854483631,0.30720815239042515,0.15509761521979865,-0.00031686380210999975,-0.14943845395482774,-0.2836922635344681,-0.3971621541419961,-0.4878888488396501,-0.5578154150872544,-0.6112985887577045,-0.6532412687883634,-0.6878466217916167,-0.7181888859927409],[0.15561264032749586,0.22430094344937035,0.2947146472621935,0.3666310954025516,0.43970799074002687,0.513437011600344,0.587074662705225,0.6595356052818186,0.7292276546478964,0.7938093294286767,0.849877550963003,0.8926644618010197,0.9159315956200871,0.9123323687137033,0.8744709519073907,0.7966370430514981,0.6767174565598916,0.5173610817462688,0.325792982486833,0.11284000054485631,-0.107438803126738,-0.31706194948287836,-0.49499937138722383,-0.6242594814665283,-0.7023332065306368,-0.7417596208859628,-0.7594727228174365,-0.7682737050940288,-0.7753731530244358,-0.7840918955451014],[0.1990220407067428,0.2725249415923851,0.3484506964826179,0.42668900701962487,0.5070290389219108,0.5891174781894659,0.6723935363621861,0.7559791129776631,0.8384823578660278,0.917650296333025,0.989811732416855,1.0491496801202609,1.0870745816243412,1.092221376361111,1.0516272594598317,0.953335098168326,0.7896299976091566,0.5582968134527313,0.25880687816899073,-0.11884724601188154,-0.625846336531151,-1.6849083658206792,-1.384176198813914,-1.4971225546562488,-2.354298524258361,-1.3719324039956975,-1.1216532385772295,-0.9956601325931178,-0.9252793394628457,-0.8862383607159392],[0.23929283442046898,0.317542045359958,0.3989621187342411,0.4835783093795052,0.5713435801773481,0.6621078286023256,0.7555723388618024,0.851208552249511,0.9480837918477967,1.0444643075334064,1.136981994025687,1.2191999432320846,1.2798388013656659,1.3016005376826234,1.2615861684800513,1.1338466568961696,0.8920121861417485,0.49363821225710997,-0.33704700972959833,-0.20037120579381537,-0.05064576231270982,-0.09228449630210532,-0.20492186696348366,-0.3627331245827817,-0.5648241073810376,-0.8331160021137491,-1.2660125331415273,-1.8657147413764579,-1.2306842850987543,-1.052536566123321],[0.2757526461548935,0.3585586770271716,0.4453117185277056,0.5361904384959679,0.6313345189063857,0.7308276673761059,0.8346822950861745,0.9428231707847344,1.055031213240812,1.1706815066969731,1.2878162827327266,1.4007819800011054,1.496153628811783,1.5486853093037851,1.518688670588081,1.3477176916231062,0.9333195451537217,-0.392216615926841,0.5493988496114639,0.5672723965711359,0.47130642288467195,0.33348319622083716,0.1735336092240332,-0.003214365996272118,-0.1977795524726282,-0.4170287425077955,-0.6790320287793413,-1.0390272980775872,-1.9122774675474945,-1.3772730410528256],[0.3077146852259175,0.3947528584774633,0.4865157494332681,0.5833481224133931,0.6855899573092614,0.7935677756858126,0.9076019472226311,1.028061483388686,1.1555110774854742,1.2909111604482202,1.4353180790466131,1.587137040766741,1.7339680655204786,1.8411075110394455,1.8456052943091579,1.6131220548910707,0.2973824686880054,1.1570586896976114,1.1352584808125052,0.9831047543547075,0.8032696118806705,0.6168614743242752,0.4269258503756098,0.23261878222658988,0.03147422630425169,-0.18120325704547816,-0.4145275929286935,-0.6885550441606025,-1.0625098398481299,-2.025327676517634],[0.3345001558219583,0.42529976986378454,0.5215729914921392,0.6238403556222148,0.7326532878073096,0.8485827423995717,0.9722176357232091,1.1042229743977034,1.2456085270866821,1.3985558924198116,1.568091900714177,1.7622331269860603,1.98113838015816,2.17740085411818,2.272280804058065,1.97078089564848,1.725578448927473,1.7922345206932526,1.5414322454874738,1.2833847726641976,1.0490976174898397,0.8289816265339685,0.6157355798311671,0.4054860522871836,0.19502754649922782,-0.01980472111987808,-0.2456083366396725,-0.4944594985662951,-0.7936420325666668,-1.2364672523628453],[0.3554647083373343,0.44940148600667074,0.5494958248477093,0.6564516210041472,0.7710491952647021,0.8941284469947074,1.0265501442171514,1.1691419643178906,1.3227291435556179,1.4887796048864899,1.672804136636228,1.8955014468781464,2.190758813662444,2.551397199935525,2.760625973919291,2.4551694044419317,2.666964927964508,2.231253608311363,1.8021424040341587,1.4941355392326672,1.2327848587391281,0.9896723756904076,0.757505513827671,0.5330925055370058,0.31325456152157355,0.09390029472639931,-0.13075053291666228,-0.36996324797092867,-0.6416777213437433,-0.9929153721665984],[0.3700298319257132,0.4663234117849806,0.5693480278525802,0.6799907936971735,0.7992810437327235,0.9283887052171526,1.0685777608793177,1.2210441049739242,1.3864762094667327,1.5640364025159281,1.7498096861261734,1.9425996294411916,2.223341232031449,2.467893891112912,2.8446679896928426,3.0496149502519456,2.661566895624175,2.2477316222300554,1.9202244448699641,1.6464199719671084,1.370904888204648,1.10714287384186,0.8579592764148521,0.6212679806401501,0.3933204315487842,0.16952102957315357,-0.055874853990091435,-0.29107136467109634,-0.5503169701758844,-0.8660979554137742],[0.37771989235441816,0.4754412408840185,0.5803002074511621,0.6933449997055311,0.8158490563854489,0.9493611198950345,1.0957438882426889,1.2571385712250258,1.4356301685042827,1.6317691323314858,1.8383855484531166,2.0084059242026036,1.251426331945604,2.282595562658644,1.9849657164384282,2.2283063231949267,2.708785018843159,2.2921633015149094,2.123454374892472,1.7871867166491757,1.4687870606174098,1.1801892761642507,0.9162837532225117,0.670630020114228,0.43730544548542155,0.21068297987586815,-0.015315417219062852,-0.24856599609190366,-0.5017718348450622,-0.8017531669375582],[0.3782034204567442,0.47629949987149695,0.5817119808583632,0.6955905329420842,0.8193827943403799,0.954950875457541,1.1047536532982412,1.2721458191227626,1.4618915072593357,1.6810539846437285,1.9402196424212323,2.2522610504890723,2.6211474393468546,2.8681191660063763,2.9246974588263637,2.3754489231582587,2.9187631659530657,2.911219159421681,2.3008666063059717,1.8544257583244252,1.4997289839247034,1.197240018542062,0.9275299207174605,0.6794072072731308,0.44518441464335556,0.21854957577935902,-0.006792506435975631,-0.23863522633879417,-0.48918354986955254,-0.7835200442863781],[0.37133334208378405,0.4686748416347172,0.5732344116701766,0.686163557910309,0.8089336276688698,0.9434820713914294,1.092464503466245,1.2597252755401862,1.4512613814818212,1.6774050453203324,1.9582749194292437,2.3389092568413403,2.914034763724461,3.0935168468909757,2.8110299011261164,1.6949571947214526,2.2737960148305585,2.4083990707629748,2.118144963221397,1.7573524916349568,1.4341272167987715,1.1474211626787223,0.8874498865656969,0.6459987287207161,0.41655180062706904,0.19335480132994717,-0.029613633330467577,-0.2600791377340241,-0.5104690113897998,-0.8069103170193308],[0.3571770776614732,0.4526280449031357,0.5549035722903132,0.66503660184772,0.7843265859555318,0.9144463035308497,1.0576058700795963,1.2167988436504484,1.3961124103800329,1.6007435038617002,1.8341493359786545,2.0706643190981753,1.6115759322128382,1.771467092635249,2.0969174562056,2.2254949908195467,1.5347858873080558,1.6985977507671992,1.7290340464521698,1.5252162275598196,1.2783612476573023,1.0325526042599895,0.7967848075135585,0.5707619003874435,0.35152733020398363,0.13500536818630116,-0.0841102994409328,-0.31356016903936373,-0.5668921956614092,-0.87478266095526],[0.3360267611057625,0.4285254352093462,0.5271851337985125,0.632812544695721,0.746363976260993,0.8689620377048322,1.0018726395886537,1.1463354108932744,1.3028915186722083,1.468985401805917,1.6304979937011268,1.734509007476949,1.6946745550426154,1.4480584547581317,1.3401953275931373,1.5908397529166471,1.412839369286142,1.3425429184002493,1.3448218587014467,1.2355330593508058,1.062145332286171,0.8647965778881271,0.6607319348835516,0.4557764125251002,0.2505420661855805,0.04282989409472177,-0.1719670959439297,-0.4021032811926808,-0.6640326150666684,-1.0002921736858392],[0.3083837951350892,0.3970176737760244,0.4909439096387453,0.5906771493686291,0.6967403138897253,0.8095892094211138,0.929427020631144,1.0557576279322816,1.1863220466943307,1.3146516347143267,1.4251723273288772,1.488122824033826,1.4674278259087215,1.2996719800782404,0.6904298953038922,0.726451518458451,0.9148224194515684,0.9644754195194486,0.9814702724130695,0.9250407786633348,0.8080574362939784,0.6556766043955596,0.4844484078411357,0.3025816729873896,0.11284312760557526,-0.08574555643417528,-0.2977625859844546,-0.533431681563745,-0.8167068690895298,-1.2257907378106117],[0.2749191219196499,0.35897838925245745,0.4473437890722669,0.5402247205025283,0.6377140280093528,0.739655522598312,0.8453878884183151,0.9532551708993261,1.0597073022598642,1.1578191708163779,1.2354983947581761,1.2749827941593737,1.25443976665901,1.1445367723120492,0.8994001821763816,0.40291280655698847,-0.037254574249481066,0.457881353722751,0.57958546651459,0.5841190388958113,0.5179997683384715,0.40704793683417223,0.2674887477518608,0.10835987882764786,-0.06668343724111057,-0.2585142600309613,-0.4733661258282938,-0.7276720553089411,-1.0697138594752988,-1.793495179350667],[0.2364173420966681,0.3154183378527293,0.3977104749091055,0.48322883742905437,0.5717073554805417,0.662531369763381,0.7544921610167246,0.8453930713620035,0.9314681310239804,1.0066702816029995,1.0621433814343575,1.0864268792738203,1.0663804815177091,0.9879899918137961,0.8373528214878788,0.5969076117211289,0.20174923542943365,-1.292778470336916,0.012021155010435582,0.16032799301243778,0.16585646658120595,0.10220068284691103,-0.004296054852943658,-0.1415716882526983,-0.3053739785794365,-0.49832864870941557,-0.7335572001302924,-1.053090351625693,-1.6889282397709584,-1.5444328435585135],[0.19371603515032956,0.2673957865748638,0.3433962464370814,0.42143497731750396,0.5009877440566806,0.5811556990429048,0.6604708074627373,0.7366290444367091,0.8061694859558188,0.864186011584039,0.9042543478243349,0.918773454897849,0.8997342234222121,0.8397430849845988,0.7329578531508996,0.5742824008042811,0.3530450999855858,0.032683663527334525,-0.5752961429711483,-0.6715715738328459,-0.3703729039749482,-0.33280862230097324,-0.3886938162871975,-0.5021872148566339,-0.6657319546462508,-0.8920681427531159,-1.2440904349260964,-2.611344475007258,-1.4029881461933877,-1.1695828019591656],[0.14765060568326618,0.21594007704272974,0.28567442659524395,0.3564182622775502,0.42748902964666996,0.4978521118078743,0.5659845870386981,0.629715141215015,0.6860702671065105,0.7311918070205684,0.7604204068424891,0.7686239263892476,0.750768596943612,0.7026195839112305,0.6212939230757629,0.5051304388071178,0.35240080269946705,0.1590818314954219,-0.08402081238718939,-0.3974461232442201,-0.8395236505652611,-1.830230162818407,-1.4608696889189727,-1.4562837935170485,-1.8841254572103832,-1.7431226955810821,-1.3338911325134655,-1.1536200372390875,-1.0529211694307294,-0.9935478859246305],[0.09901122142784544,0.1619971702222072,0.22567356484099146,0.28951187597353134,0.3527538389941553,0.41433615091040926,0.47280396641717004,0.5262255115381692,0.572133708659006,0.6075357106903144,0.629037136239158,0.6331103105609098,0.6164900858863657,0.5766167383934374,0.5119765154535989,0.422166284640752,0.30765070245339743,0.16949428099092728,0.009548188661340704,-0.1685591648443065,-0.3575199297042598,-0.5438359538545223,-0.7068876899737384,-0.8251133598464669,-0.8900697046754985,-0.9125803963335691,-0.9117333413160067,-0.9027224953433051,-0.8939357527290526,-0.8889505946717562],[0.048514125409043915,0.10639822141505882,0.16434781938360007,0.22179008652196308,0.2779515762099582,0.3318083924591889,0.38203646350495085,0.4269733410848978,0.46460992255076694,0.49263576586877444,0.5085599253115967,0.5099152850452239,0.49452776455075664,0.4607993591312265,0.40793061085374477,0.3360205242428947,0.24605478013681736,0.13989499989981616,0.020410836577511526,-0.10821524681305701,-0.24018511761282282,-0.3681655405955526,-0.4842279867020176,-0.5817971127992678,-0.6577907226019233,-0.7134034661512003,-0.7528912015777947,-0.7814459928954769,-0.8036035998763911,-0.8226410715508565],[-0.0032136585919670087,0.04984740434627029,0.10247381926480635,0.15408473315513666,0.20393160887994988,0.2510679343599746,0.2943243827063666,0.3322982256013632,0.36336890375526454,0.38575268221476805,0.3976057928343413,0.3971756910097419,0.38298501071365687,0.35401735777889926,0.3098669321064827,0.25082514118422516,0.17790876438563388,0.09286654243483439,-0.0018001452821952539,-0.10281670250283806,-0.2061991129252618,-0.3075225350453837,-0.40246707920525243,-0.48755927454204406,-0.5608326551556047,-0.6220746412708719,-0.672535526735141,-0.7142950908623052,-0.7496201364202414,-0.7805336990459736],[-0.05563895680457666,-0.00707658081146005,0.040663685409458396,0.08701777579688125,0.13128591059085118,0.1726162050126807,0.2099955693176449,0.24225407703203822,0.26809005480083065,0.28612256175839496,0.29497461759600546,0.29338414091199083,0.2803312057783935,0.2551628975205249,0.21769495933517558,0.16827580293578362,0.10781166707891475,0.037762791610114116,-0.03988188820438289,-0.12266190297593016,-0.20776465032479088,-0.2922386324831699,-0.3733013392916447,-0.4486867001134194,-0.5169279622118096,-0.5774726515529396,-0.6305920641176824,-0.6771383157710138,-0.7182537050710662,-0.7551246433134419],[-0.10831961453713052,-0.06391064467154599,-0.020614013498064326,0.021038497705156343,0.060407976154967055,0.09674130076965834,0.12917137412193203,0.15672874573412165,0.1783688350987419,0.19301793726741157,0.19963861563594357,0.19731103750649234,0.185322160754991,0.16325109744410085,0.13103836015803727,0.08902997962040933,0.037993291922897,-0.020894270280189732,-0.08608250761756464,-0.15571622581059452,-0.22774212866931182,-0.3000597369343392,-0.3707063746269763,-0.4380456399073279,-0.5009147839780296,-0.558691197399476,-0.6112633769606397,-0.65892444004745,-0.7022280468855611,-0.7418480109233231],[-0.1608970997721537,-0.1202932746681758,-0.08101089805798088,-0.043540941694964475,-0.008457232099944118,0.023582378692337702,0.051841351672661795,0.0755188867691601,0.09377575405932057,0.10577284604145078,0.11072190766529931,0.10794536836334341,0.09693957375695668,0.07743388144552152,0.049437889183933055,0.01327075425161652,-0.030430632506389974,-0.0807255071255561,-0.13640538817192338,-0.19605352040887744,-0.2581285326227347,-0.3210699517334741,-0.3834162785944169,-0.4439184335428725,-0.50162727668032,-0.5559374444694714,-0.6065807831947143,-0.6535764697844847,-0.6971550790672015,-0.7376765266794881]],"zmax":2,"zmin":-3,"type":"heatmap","xaxis":"x2","yaxis":"y2"}],                        {"template":{"data":{"barpolar":[{"marker":{"line":{"color":"rgb(17,17,17)","width":0.5},"pattern":{"fillmode":"overlay","size":10,"solidity":0.2}},"type":"barpolar"}],"bar":[{"error_x":{"color":"#f2f5fa"},"error_y":{"color":"#f2f5fa"},"marker":{"line":{"color":"rgb(17,17,17)","width":0.5},"pattern":{"fillmode":"overlay","size":10,"solidity":0.2}},"type":"bar"}],"carpet":[{"aaxis":{"endlinecolor":"#A2B1C6","gridcolor":"#506784","linecolor":"#506784","minorgridcolor":"#506784","startlinecolor":"#A2B1C6"},"baxis":{"endlinecolor":"#A2B1C6","gridcolor":"#506784","linecolor":"#506784","minorgridcolor":"#506784","startlinecolor":"#A2B1C6"},"type":"carpet"}],"choropleth":[{"colorbar":{"outlinewidth":0,"ticks":""},"type":"choropleth"}],"contourcarpet":[{"colorbar":{"outlinewidth":0,"ticks":""},"type":"contourcarpet"}],"contour":[{"colorbar":{"outlinewidth":0,"ticks":""},"colorscale":[[0.0,"#0d0887"],[0.1111111111111111,"#46039f"],[0.2222222222222222,"#7201a8"],[0.3333333333333333,"#9c179e"],[0.4444444444444444,"#bd3786"],[0.5555555555555556,"#d8576b"],[0.6666666666666666,"#ed7953"],[0.7777777777777778,"#fb9f3a"],[0.8888888888888888,"#fdca26"],[1.0,"#f0f921"]],"type":"contour"}],"heatmap":[{"colorbar":{"outlinewidth":0,"ticks":""},"colorscale":[[0.0,"#0d0887"],[0.1111111111111111,"#46039f"],[0.2222222222222222,"#7201a8"],[0.3333333333333333,"#9c179e"],[0.4444444444444444,"#bd3786"],[0.5555555555555556,"#d8576b"],[0.6666666666666666,"#ed7953"],[0.7777777777777778,"#fb9f3a"],[0.8888888888888888,"#fdca26"],[1.0,"#f0f921"]],"type":"heatmap"}],"histogram2dcontour":[{"colorbar":{"outlinewidth":0,"ticks":""},"colorscale":[[0.0,"#0d0887"],[0.1111111111111111,"#46039f"],[0.2222222222222222,"#7201a8"],[0.3333333333333333,"#9c179e"],[0.4444444444444444,"#bd3786"],[0.5555555555555556,"#d8576b"],[0.6666666666666666,"#ed7953"],[0.7777777777777778,"#fb9f3a"],[0.8888888888888888,"#fdca26"],[1.0,"#f0f921"]],"type":"histogram2dcontour"}],"histogram2d":[{"colorbar":{"outlinewidth":0,"ticks":""},"colorscale":[[0.0,"#0d0887"],[0.1111111111111111,"#46039f"],[0.2222222222222222,"#7201a8"],[0.3333333333333333,"#9c179e"],[0.4444444444444444,"#bd3786"],[0.5555555555555556,"#d8576